name,score,address,img_url,reviews,open_hour
태을한의원,4.3,종로구 돈화문로 67,//img1.kakaocdn.net/cthumb/local/C544x408.q50/?fname=http%3A%2F%2Ft1.daumcdn.net%2Flocal%2FkakaomapPhoto%2Freview%2Fc4ff9df0528ee72482de20b7cef3da573c81f400%3Foriginal,"[{'작성자': '맛집찾아', '별점': '5.0', '날짜': '2024.05.17.', '내용': '원장선생님 진료 잘 봐주시네요', '좋아요': '0'}, {'작성자': '맛쪼니', '별점': '5.0', '날짜': '2024.04.09.', '내용': '두번째 생명을 부여받았습니다.침도 물론이거니와 \n침만 맞아도 눈치보이지 않고 정말 성심성의껏 \n가족처럼 진료봐주십니다. 제가 소개해서 간 지인은 \n... 더보기', '좋아요': '1'}, {'작성자': '백민호', '별점': '5.0', '날짜': '2023.05.31.', '내용': '30대에 서울대 병원에서 5년동안 치료받아도 차도가 없었는데 원장님한테 2년 진료받고 정말 힘들고 고통스러웠지만 완쾌했습니다 과거에 국무총리 대통령도 직접 와서 대기를 했다고 들었는데, 진짜 평생의 은인이십니다 감사합니다 원장님.', '좋아요': '3'}]","{'금': '09:00 ~ 18:00', '토': '휴무일', '월': '09:00 ~ 18:00', '화': '09:00 ~ 18:00', '수': '09:00 ~ 18:00', '목': '09:00 ~ 18:00', '휴무일': '매주 토요일'}"
춘원당한의원,4.3,"종로구 돈화문로9길 26 2,3층",//img1.kakaocdn.net/cthumb/local/C544x408.q50/?fname=https%3A%2F%2Fpostfiles.pstatic.net%2FMjAyMzA5MDZfMjY3%2FMDAxNjkzOTYyNTU2NTc0.6GqdvAiyP7cD44WPtkJ4gAlEqZk2ufxJLR3jcRiaTF8g.xXeHvr4j2fZwnRu5TMoHqhtjD_AHoHWtHRxS6NZKiIog.JPEG.igotthis_07%2Foutput_295054012.jpg%3Ftype%3Dw773,"[{'작성자': '.', '별점': '4.0', '날짜': '2024.10.30.', '내용': '한약비싼값어치는함 ~', '좋아요': '0'}, {'작성자': '그레고리 리', '별점': '1.0', '날짜': '2024.02.28.', '내용': '침치료 아무한테나 받으면 큰 일 나겠더군요. 담증상으로 아침 출근길에 큰병원이라 들렀더니 한의사는 아무것도 묻지 않고 물리치료부터 시키고 불편한 부위만 묻더니 바로 시침. 불편한 엎드린 자세로 꼼짝 않고 맞... 더보기', '좋아요': '4'}, {'작성자': '쿠키', '별점': '5.0', '날짜': '2023.08.13.', '내용': '다음에 방문하고 싶네요', '좋아요': '0'}]","{'금': '09:00 ~ 18:00', '토': '09:00 ~ 12:30', '일': '휴무일', '월': '09:00 ~ 18:00', '화': '09:00 ~ 18:00', '수': '09:00 ~ 18:00', '목': '09:00 ~ 18:00', '휴무일': '공휴일'}"
이강한의원,5.0,종로구 삼일대로 438 종로빌딩 2층 202호,,"[{'작성자': '박정수 (JS Park)', '별점': '5.0', '날짜': '2022.04.28.', '내용': '침술, 한약, 친절함까지 모두 마음에 듭니다.\n감사합니다', '좋아요': '0'}]","{'금': '09:30 ~ 18:00', '토': '09:30 ~ 13:00', '월': '09:30 ~ 18:00', '화': '09:30 ~ 18:00', '수': '09:30 ~ 18:00', '목': '09:30 ~ 18:00'}"
선진한의원 종로본점,0.0,종로구 돈화문로 89,,"[{'작성자': '', '별점': '', '날짜': '', '내용': ' ', '좋아요': '0'}]","{'금': '09:30 ~ 17:00', '토': '09:30 ~ 17:00', '일': '휴무일', '월': '09:30 ~ 17:00', '화': '09:30 ~ 17:00', '수': '휴무일', '목': '09:30 ~ 17:00', '휴무일': '공휴일'}"
한침한의원,5.0,종로구 돈화문로 52 동명빌딩 2층,//img1.kakaocdn.net/cthumb/local/C544x408.q50/?fname=http%3A%2F%2Ft1.kakaocdn.net%2Fmystore%2F8435008C78A94314B312FD04F801BCBC,"[{'작성자': '잘 먹는 놈', '별점': '5.0', '날짜': '2019.06.11.', '내용': '다른 한의원과는 달리 침 맞는 시간이 길어요. 찜질은 안합니다. 물리치료도 안합니다. 침만 맞아도 효과가 좋습니다.', '좋아요': '6'}]","{'금': '10:30 ~ 18:00', '토': '10:30 ~ 15:30', '일': '휴무일', '월': '10:30 ~ 21:00', '화': '10:30 ~ 18:00', '수': '휴무일', '목': '10:30 ~ 21:00', '휴무일': '공휴일'}"
종로본치과의원,5.0,종로구 삼일대로30길 10-3 각연빌딩 2층,//img1.kakaocdn.net/cthumb/local/C544x408.q50/?fname=http%3A%2F%2Ft1.kakaocdn.net%2Fmystore%2F673FBC9EA36943EFB00E38AA2AA2FEBD,"[{'작성자': '쑤니', '별점': '5.0', '날짜': '2025.02.19.', '내용': '여기가 찐입니다👍👍치과 많이 다녀봤는데 여기처럼 잘하고 친절하고 꼼꼼한곳은 처음입니다👍감사합니다❤️', '좋아요': '0'}, {'작성자': '..', '별점': '5.0', '날짜': '2025.02.01.', '내용': '의사쌤 간호사쌤들 모두 친절하세요\n시설도 깔끔하고 진료도 너무 최고입니다😃', '좋아요': '0'}, {'작성자': 'dsb', '별점': '5.0', '날짜': '2025.01.17.', '내용': '의사 선생님이 매우 친절하십니다.\n과잉 진료도 안하시고 상황 설명을 잘해주십니다.\n예로 이 치아는 현 상황이 어떠니 지금 말고, 언제쯤 다시 보면... 더보기', '좋아요': '0'}]","{'금': '09:00 ~ 18:30', '토': '09:00 ~ 14:00', '일': '휴무일', '월': '09:00 ~ 18:30', '화': '09:00 ~ 18:30', '수': '09:00 ~ 18:30', '목': '09:00 ~ 18:30', '휴무일': '매주 일요일'}"
연세센스의원,2.7,종로구 종로 115 낙원빌딩 4층,//img1.kakaocdn.net/cthumb/local/C544x408.q50/?fname=https%3A%2F%2Fpostfiles.pstatic.net%2FMjAyMjA1MTJfMTQy%2FMDAxNjUyMzYxNzc4MzAz.1acOS16PC1CVEKJkA3QdnRIkHcw9cjP5wgFLpHoYq2Eg.wceqUxiQOLiRilhxk0IE3_WpyKuvSUHmU-hgjlLAlnEg.JPEG.lastgagamel%2FSE-9b76b39d-d64f-4563-82dd-170cc6075df7.jpg%3Ftype%3Dw580,"[{'작성자': '먀몌미묘뮤', '별점': '5.0', '날짜': '2025.03.12.', '내용': '다 친절하시던데 뭐가다들 문제였을까요..ㅠㅠ', '좋아요': '0'}, {'작성자': 'ㅇㅊㅇ', '별점': '5.0', '날짜': '2024.11.14.', '내용': '이날 여기간게 그나마 신의한수 5분만에 맹장 같다고 알려주셔서 다른병원 가서 수술 잘 받았습니다 이다음에 간병원 최대실수..', '좋아요': '1'}, {'작성자': '뿌잉뿌잉', '별점': '5.0', '날짜': '2024.10.18.', '내용': '왜이렇게 후기가 안좋은거죠 전 이미 방문한적\n있는데 굉장히 친철하시고 좋았던 기억에 종종\n방문하는데 흐음', '좋아요': '1'}]","{'금': '09:30 ~ 18:30', '토': '09:30 ~ 14:00', '월': '09:30 ~ 18:30', '화': '09:30 ~ 18:30', '수': '09:30 ~ 18:30', '목': '09:30 ~ 18:30'}"
필모어의원,4.4,종로구 돈화문로 30 지하2층 319-205-2호,//img1.kakaocdn.net/cthumb/local/C1104x408.q50/?fname=http%3A%2F%2Ft1.daumcdn.net%2Flocal%2FkakaomapPhoto%2Freview%2F15b3c03b1314a667f49efa9a92af8e619a739b90%3Foriginal,"[{'작성자': '굿굿', '별점': '5.0', '날짜': '2025.03.26.', '내용': '아주 신기한 위치... 찾아가면서도 의심했다 초스피드 굿굿', '좋아요': '0'}, {'작성자': '후기비공개=평점알바or구린매장', '별점': '5.0', '날짜': '2025.03.11.', '내용': '접근성? \n지하철 출구 안나가도 되니까 교통비도 안든다. \n1호선 상행 플랫폼... 더보기', '좋아요': '0'}, {'작성자': '맛잘알', '별점': '1.0', '날짜': '2025.02.23.', '내용': '약 수량 없는데 진료받음 다른데가서 구함', '좋아요': '1'}]","{'금': '09:00 ~ 19:00', '토': '10:00 ~ 19:00', '일': '10:00 ~ 19:00', '월': '09:00 ~ 19:00', '화': '09:00 ~ 19:00', '수': '09:00 ~ 19:00', '목': '09:00 ~ 19:00'}"
종로아산본정형외과,,종로구 종로 123 고영빌딩 3층,//img1.kakaocdn.net/cthumb/local/C544x408.q50/?fname=http%3A%2F%2Ft1.kakaocdn.net%2Ffiy_reboot%2Fplace%2F99352EA6D91743BAA21FE8BAC10EBD48,"[{'작성자': '', '별점': '', '날짜': '', '내용': ' ', '좋아요': '0'}]","{'금': '09:00 ~ 19:00', '토': '09:00 ~ 14:00', '월': '09:00 ~ 19:00', '화': '09:00 ~ 19:00', '수': '09:00 ~ 19:00', '목': '09:00 ~ 19:00'}"
종로 서울나은치과의원,4.5,종로구 종로 120 동영타워 8층,//img1.kakaocdn.net/cthumb/local/C544x408.q50/?fname=http%3A%2F%2Ft1.kakaocdn.net%2Fmystore%2F0C7A79E9A0D24BE9AD0397838247992F,"[{'작성자': '들리', '별점': '5.0', '날짜': '2024.08.06.', '내용': '다른 치과에서 싹 다 크라운 진단 받아서 이빨 다 갈아낼 운명이라 생각하고 마지막으로 간 치과인데 크라운 없이 기존 치아 최대한 살리는 방향으로 진료봐주셔서 원래 이 잘 유지하고... 더보기', '좋아요': '0'}, {'작성자': '새우깡', '별점': '5.0', '날짜': '2023.01.10.', '내용': '사랑니 잘뽑는 병원, 집근처 회사근처에서 다 못뽑는다는데 여기서 한방에 해결. 별로 아프지도 않아서 좋았어요', '좋아요': '1'}, {'작성자': 'ken', '별점': '5.0', '날짜': '2022.12.12.', '내용': '양심치과 검색하고 방문했는데 정말 치료 강요 없으시고 친철하세요.  설명도 잘 해주시고 다른 병워에선 다 발치하자했는데 이곳은 본인 이 최대한 살리는 방법을 제시해 주시네요.  믿고 갈만한 치과에요!!', '좋아요': '1'}]","{'금': '10:00 ~ 20:00', '토': '11:00 ~ 17:00', '일': '11:00 ~ 17:00', '월': '10:00 ~ 20:00', '화': '10:00 ~ 19:00', '수': '10:00 ~ 20:00', '목': '10:00 ~ 19:00', '휴무일': '추석전날, 추석당일, 추석다음날, 설전날, 설당일, 설다음날, 삼일절, 현충일, 광복절'}"
서울유니언이비인후과의원,2.6,종로구 종로 115 낙원빌딩 5층,,"[{'작성자': '이혜진', '별점': '1.0', '날짜': '2024.08.02.', '내용': '별하나도 아깝습니다\n지금 병원에서 나왔어요\n며칠동안 콧물감기로 이병원 다녔는데별효과없다고 했더니 주사맞으... 더보기', '좋아요': '0'}, {'작성자': '파크', '별점': '4.0', '날짜': '2024.06.14.', '내용': '최근에 다녀왔는데 1~10점으로 따지자면 너무 좋다 까지는 아니고 그냥 병원 대략 7점 정도', '좋아요': '0'}, {'작성자': '잘 먹는 놈', '별점': '2.0', '날짜': '2024.05.15.', '내용': '옛날 이비인후과\n연세 많으신 의사쌤', '좋아요': '0'}]","{'금': '09:00 ~ 18:00', '토': '09:00 ~ 13:00', '일': '휴무일', '월': '09:00 ~ 18:00', '화': '09:00 ~ 18:00', '수': '09:00 ~ 18:00', '목': '09:00 ~ 18:00', '휴무일': '공휴일'}"
종로낙원의원,2.0,종로구 삼일대로 434,,"[{'작성자': '김병규', '별점': '1.0', '날짜': '2021.10.07.', '내용': '어머니가 드레싱하러 가셨는데, 수술한 병원으로 가라하네요. 쓰레기입니다.', '좋아요': '0'}, {'작성자': '이주미', '별점': '5.0', '날짜': '2020.08.10.', '내용': '집에서 가까워 자주가는데 의사선생님  말투가 친절한건 아닌데 항상 천직의식 갖으신듯 열심히 하십니다', '좋아요': '0'}, {'작성자': '라이광', '별점': '1.0', '날짜': '2019.09.19.', '내용': '여긴 의사가 ㅋㅋㅋㅋㅋ \n욕도 아깝습니다...', '좋아요': '0'}]","{'금': '09:00 ~ 18:30', '토': '09:00 ~ 15:00', '월': '09:00 ~ 18:30', '화': '09:00 ~ 18:30', '수': '09:00 ~ 18:30', '목': '09:00 ~ 18:30'}"
해정의원,3.0,종로구 삼일대로 461 운현궁SK허브 101동 2층,,"[{'작성자': '새벽', '별점': '5.0', '날짜': '2025.02.18.', '내용': '너무너무 친절하세요 \n정말 안친절한분이 없네요 \n검사도 꼼꼼하게 해 주셨어요', '좋아요': '0'}, {'작성자': '맛과 술', '별점': '5.0', '날짜': '2024.04.19.', '내용': '다들 친절하시고 참 좋아요 특히 원무과분들ㅎㅎ', '좋아요': '0'}, {'작성자': '부엉이', '별점': '5.0', '날짜': '2024.03.01.', '내용': '음...원장님마다 스타일이 다른 것 같은데, 최광준원장님은 과잉진료 없으시고 오히려 불필요한 검사등은 권하지 않는 방향이셨어요;; 그리고 설명도 정말 자세히 해주셨구요. 건강검진했던 모 종합병원에서 ... 더보기', '좋아요': '1'}]","{'금': '08:00 ~ 17:00', '월': '08:00 ~ 17:00', '화': '08:00 ~ 17:00', '수': '08:00 ~ 17:00', '목': '08:00 ~ 17:00'}"
웅선의원,4.0,종로구 율곡로 56 운현하늘빌딩 5층,//img1.kakaocdn.net/cthumb/local/C544x408.q50/?fname=https%3A%2F%2Fpostfiles.pstatic.net%2FMjAyNTAyMTNfMTY1%2FMDAxNzM5NDI2OTM5MjA3.S4uMyMMmmgzlA0yJo4uS_pFZF2QFIbwDTYRSGgBMKFcg.vsyfwod-3tQ3Me-R9F7ixxuCWRqyCoiXvSV_KXqW7KIg.PNG%2F28.png%3Ftype%3Dw966,"[{'작성자': '화이트컨슈머', '별점': '1.0', '날짜': '2022.04.28.', '내용': '전화상담했는데 관계자인지 실장인지 남자분이그러는데 남성형탈모인은 효과없다고 함\n하든지말든지식으로 영혼없는 상담이었음 ㅋ', '좋아요': '0'}]","{'금': '10:00 ~ 17:00', '토': '08:00 ~ 13:00', '일': '휴무일', '월': '휴무일', '화': '10:00 ~ 20:00', '수': '10:00 ~ 17:00', '목': '10:00 ~ 17:00', '휴무일': '매주 월요일, 일요일'}"
일세정한의원,0.0,종로구 돈화문로 96,//img1.kakaocdn.net/cthumb/local/C544x408.q50/?fname=https%3A%2F%2Fpostfiles.pstatic.net%2FMjAyMzA1MDVfMTA3%2FMDAxNjgzMjk4NjY2ODE5.V2011_l36kVDPOlUeMw4ula-ujFSJt-bkkVvmm5Hp6Ig.BJ-pSGMkxi5m6pahDPFp05z_XNiQf7T78kBoUWCfSzwg.JPEG.tndus_22%2FIMG_2334.jpg%3Ftype%3Dw773,"[{'작성자': '', '별점': '', '날짜': '', '내용': ' ', '좋아요': '0'}]","{'금': '10:00 ~ 19:00', '토': '10:00 ~ 13:00', '월': '14:00 ~ 19:00', '화': '10:00 ~ 19:00', '수': '10:00 ~ 19:00', '목': '10:00 ~ 19:00'}"
타워비뇨기과의원 종로점,4.3,종로구 종로 120 동영타워 5층,//img1.kakaocdn.net/cthumb/local/C544x408.q50/?fname=http%3A%2F%2Ft1.daumcdn.net%2Flocalfiy%2F72FB33B049054806A951495A2DB08F99,"[{'작성자': '정의사도', '별점': '5.0', '날짜': '2024.02.02.', '내용': '원장님 친절하시고 최고입니다.\n정말 신뢰가는 병원입니다. 강추합니다.', '좋아요': '0'}, {'작성자': '-', '별점': '2.0', '날짜': '2023.12.12.', '내용': '진료를 성의껏 봐주셔서 감사합니다.\n의사와 환자라는 성상은 변할 수 없나봅니다.\n언제까지 증상에 대해서 독학하며 살아가야할까요.\n소음성 이명증으로 치료도 없이 적응하며 살라던 의사와 달... 더보기', '좋아요': '1'}, {'작성자': '인영', '별점': '5.0', '날짜': '2023.11.14.', '내용': '최근에 채용검진문제로 방문하였습니다. 정말 친절하게\n상담도 잘해주시고 진료도 잘해주셔서 너무 만족했던 병원입니다.', '좋아요': '0'}]","{'금': '09:00 ~ 18:00', '토': '09:00 ~ 13:30', '일': '휴무일', '월': '09:00 ~ 20:00', '화': '09:00 ~ 18:00', '수': '09:00 ~ 18:00', '목': '09:00 ~ 18:00', '휴무일': '공휴일'}"
종로원치과의원,5.0,종로구 수표로 120,,"[{'작성자': '박장원', '별점': '5.0', '날짜': '2024.10.08.', '내용': '기억 하시나요?\n""종로원치과의원 "" 최근 개업한 치과의원 인거 같은데요. \n내부 인테리어부터가 고급스러운 소재로 아주 깨끗하게 정리되어 머무르고 ... 더보기', '좋아요': '1'}]","{'금': '10:00 ~ 18:00', '월': '10:00 ~ 18:00', '화': '10:00 ~ 18:00', '수': '10:00 ~ 18:00', '목': '10:00 ~ 18:00'}"
기찬마취통증의학과의원,,"종로구 율곡로 56 3,4층",//img1.kakaocdn.net/cthumb/local/C544x408.q50/?fname=http%3A%2F%2Ft1.kakaocdn.net%2Fmystore%2FADBA8D1039D94A15A10C5A988BBB9E6E,"[{'작성자': '', '별점': '', '날짜': '', '내용': ' ', '좋아요': '0'}]","{'금': '09:00 ~ 18:30', '토': '09:00 ~ 12:00', '일': '휴무일', '월': '09:00 ~ 18:30', '화': '09:00 ~ 18:30', '수': '09:00 ~ 18:30', '목': '09:00 ~ 18:30', '휴무일': '공휴일'}"
종로연세참재활의학과의원,4.8,"종로구 종로 127-2 영흥빌딩 3,4층",//img1.kakaocdn.net/cthumb/local/C544x408.q50/?fname=http%3A%2F%2Ft1.kakaocdn.net%2Ffiy_reboot%2Fplace%2FBFAE4DFEACF445928F6DE25D0DD6A7A0,"[{'작성자': '나먄아니면되', '별점': '3.0', '날짜': '2024.09.07.', '내용': '정형외과 주변 5곳 이상가봤는데.. 여기는 직원분들 친절해서 좋기는 한데… 가격이 다른 곳보다 높고, 치료는.. 흐음..', '좋아요': '0'}, {'작성자': 'dongnae jumin', '별점': '5.0', '날짜': '2024.08.21.', '내용': '👍', '좋아요': '0'}, {'작성자': '민디', '별점': '5.0', '날짜': '2023.10.25.', '내용': '병원내부 쾌적해서 좋구요 \n안내나 치료친절하셔서 만족합니다~!', '좋아요': '0'}]","{'금': '09:00 ~ 19:00', '토': '09:00 ~ 13:30', '일': '휴무일', '월': '09:00 ~ 19:00', '화': '09:00 ~ 19:00', '수': '09:00 ~ 19:00', '목': '09:00 ~ 19:00', '휴무일': '공휴일'}"
이음채한의원 종로점,4.4,종로구 종로 111 2층,//img1.kakaocdn.net/cthumb/local/C544x408.q50/?fname=https%3A%2F%2Fpostfiles.pstatic.net%2FMjAyNDEyMjJfMjkw%2FMDAxNzM0ODY2OTgzMzAx.T9UzRodTWO4CusNP4jrD3i9bwJ9PF2DFNEjRyQq97uYg.j-IviExWpay-YeU-16rmycABjV31P857ETIlBsvelZEg.JPEG%2FSE-5C119AED-8FA5-4BE9-AE54-4DF4D47A2B4E.jpg%3Ftype%3Dw966,"[{'작성자': '0', '별점': '5.0', '날짜': '2025.02.26.', '내용': '꼼꼼하고 친절하고 다닌 곳중 가장 최고', '좋아요': '0'}, {'작성자': '이이', '별점': '1.0', '날짜': '2024.02.11.', '내용': '약침치료까지 하니까 진료지 5만원에 육박…\n다른 평범한 한의원과 비슷한데 진료비가 2-3배에요 강남역 한의원에... 더보기', '좋아요': '1'}, {'작성자': '카이', '별점': '5.0', '날짜': '2023.11.15.', '내용': '대표원장님 넘 좋아요 발목다쳐서 갔는데 약침이랑 침 한번 맞고 많이 나아졌음', '좋아요': '0'}]","{'금': '09:00 ~ 21:00', '토': '09:00 ~ 15:00', '일': '휴무일', '월': '09:00 ~ 21:00', '화': '09:00 ~ 21:00', '수': '09:00 ~ 21:00', '목': '09:00 ~ 21:00', '휴무일': '공휴일'}"
산소의원,,종로구 수표로 105 육의전빌딩 3층,//img1.kakaocdn.net/cthumb/local/C544x408.q50/?fname=http%3A%2F%2Ft1.kakaocdn.net%2Fmystore%2FE210F8B4138C4751B6670DE191E5038E,"[{'작성자': '', '별점': '', '날짜': '', '내용': ' ', '좋아요': '0'}]","{'금': '11:00 ~ 21:00', '토': '11:00 ~ 16:00', '일': '휴무일', '월': '11:00 ~ 21:00', '화': '11:00 ~ 21:00', '수': '휴무일', '목': '11:00 ~ 21:00', '휴무일': '매주 수요일, 일요일'}"
틀치과의원,0.0,종로구 삼일대로 469 서원빌딩 5층,//img1.kakaocdn.net/cthumb/local/C544x408.q50/?fname=https%3A%2F%2Fpostfiles.pstatic.net%2FMjAyMTEwMjhfMjk3%2FMDAxNjM1Mzk2OTEzNjQ2.TVKDx_QmnQMh-weaM6LjTdKIPJDRvqnwJ1iZdFE19K4g.pEGl2u8ZfIt9HMobM8auNV4CH1S_vewPZgMZlgOyfVEg.JPEG.9dkeks9%2FKakaoTalk_20211028_105833872.jpg%3Ftype%3Dw966,"[{'작성자': '', '별점': '', '날짜': '', '내용': ' ', '좋아요': '0'}]","{'금': '09:30 ~ 18:00', '월': '09:30 ~ 18:00', '화': '09:30 ~ 18:00', '수': '09:30 ~ 18:00', '목': '09:30 ~ 18:00'}"
송신경정신과의원,1.7,종로구 인사동5길 25 하나로빌딩 401호,,"[{'작성자': '하남시민', '별점': '1.0', '날짜': '2024.12.23.', '내용': '노인들 상대로 배짱장사...할말이 없다.', '좋아요': '0'}, {'작성자': '심플 짱', '별점': '1.0', '날짜': '2023.12.16.', '내용': '고1때부터 여기약 먹었는데, 물론 이 약을 먹으면 뒷골당기는게 없어져서 특히 더 오래 먹었는데, 결혼하고도 한참후에야 약부작용이 있었던걸 알았네요.. ㅠㅠ 나중에... 더보기', '좋아요': '5'}, {'작성자': '화영(여니💞미니)', '별점': '1.0', '날짜': '2023.09.22.', '내용': '엄마 다니시는 병원인데 이병원 약은 너무 주무시네요 엄마가 다른 병원에 입원하시며 병원측에서 드시는 약 처방전 가지고 오라하니 처방전이 없다고 하고 좀 이해하기 어려운 병원', '좋아요': '0'}]","{'금': '09:30 ~ 18:00', '월': '09:30 ~ 18:00', '화': '09:30 ~ 18:00', '수': '09:30 ~ 20:00', '목': '09:30 ~ 18:00'}"
이재홍한의원,5.0,종로구 돈화문로 35-1,,"[{'작성자': '//', '별점': '5.0', '날짜': '2018.11.25.', '내용': '한의원은 안가봄\n이집 지하에 더덤이라는 음식점\n핵노맛 한입먹고 나옴  진짜. 이렇게까지 하는사람 아닌데 너무... 더보기', '좋아요': '0'}]","{'금': '09:00 ~ 19:00', '토': '09:00 ~ 16:00', '월': '09:00 ~ 19:00', '화': '09:00 ~ 19:00', '수': '09:00 ~ 19:00', '목': '09:00 ~ 19:00'}"
새얀안과의원,3.9,종로구 삼일대로 395 종로빌딩 3층,//img1.kakaocdn.net/cthumb/local/C544x408.q50/?fname=https%3A%2F%2Fpostfiles.pstatic.net%2FMjAyNDExMjdfMTc2%2FMDAxNzMyNjc2NTYyNjQx.O806bmOJkahlKV-aiMYdzdSREc6zIfupImxzupaqAvYg.CJ3juHMhHPLSf8C6VmJ4K5sepivtdyIlNNbSdLkgDFog.JPEG%2F200813-0036_016.jpg%3Ftype%3Dw966,"[{'작성자': 'JY', '별점': '5.0', '날짜': '2025.03.12.', '내용': '원장님 친절하시고 사후관리 좋아요. 라섹 후 회복이 좀 느려 걱정했는데 한달 지나니 건조함도 ... 더보기', '좋아요': '0'}, {'작성자': '신준호', '별점': '5.0', '날짜': '2025.02.25.', '내용': '사람이 많은 데는 다 이유가 있는 것 같습니다. 실력이 워낙 출중해서 다들 여기로 오는 듯하네요', '좋아요': '0'}, {'작성자': '차성환', '별점': '5.0', '날짜': '2025.02.18.', '내용': '너무좋음. 라섹진짜잘하심', '좋아요': '0'}]","{'금': '10:00 ~ 20:30', '토': '10:00 ~ 17:00', '일': '휴무일', '월': '10:00 ~ 19:00', '화': '10:00 ~ 19:00', '수': '휴무일', '목': '10:00 ~ 19:00', '휴무일': '공휴일'}"
르미엘성형외과의원,4.3,종로구 종로 120 3층,//img1.kakaocdn.net/cthumb/local/C544x408.q50/?fname=http%3A%2F%2Ft1.kakaocdn.net%2Fmystore%2FFB89F2FC83DB440CAF2152CB8BD3EF18,"[{'작성자': '맛있어요', '별점': '5.0', '날짜': '2022.11.29.', '내용': '턱 보톡스 맞았는데 친절하고 좋아요~~', '좋아요': '0'}, {'작성자': 'Joshua Dee/ 이윤성', '별점': '5.0', '날짜': '2021.10.05.', '내용': '1도 아프지 않고 원장님 실력이 뛰어나십니다~ 모든 직원들이 다 친절하고 만족스러워요!', '좋아요': '0'}, {'작성자': 'vanessa', '별점': '5.0', '날짜': '2021.09.02.', '내용': '사진 찍으면 짝눈이 너무 심해보여서 상담 받으러 갔더니 원장님께서 엄청 꼼꼼하게 상담해주셔서 간김에 비절개 눈매교정 수술했어요. 수술은 30분 걸렸고 , 붓기도 별로 없어서 만족스러웠어요. 지금은 사진 찍어도 양쪽눈이 비슷하게 보여서 좋아요.', '좋아요': '0'}]","{'금': '10:00 ~ 19:00', '토': '10:00 ~ 16:00', '일': '휴무일', '월': '10:00 ~ 19:00', '화': '10:00 ~ 19:00', '수': '10:00 ~ 19:00', '목': '10:00 ~ 20:30', '휴무일': '공휴일'}"
중앙치과,0.0,종로구 인사동길 23-1 3층,,"[{'작성자': '', '별점': '', '날짜': '', '내용': ' ', '좋아요': '0'}]","{'금': '10:00 ~ 17:00', '월': '10:00 ~ 17:00', '화': '10:00 ~ 17:00', '수': '10:00 ~ 17:00', '목': '10:00 ~ 17:00'}"
늘푸른비뇨기과의원,3.9,종로구 종로 128 화영빌딩 6층 601호,//img1.kakaocdn.net/cthumb/local/C544x408.q50/?fname=http%3A%2F%2Ft1.daumcdn.net%2Flocal%2FkakaomapPhoto%2Freview%2F18caf1fc6e928cc73d7095fd100f4e0156ac422c%3Foriginal,"[{'작성자': 'MAT', '별점': '1.0', '날짜': '2023.07.21.', '내용': '전화 응대하시는 남자분 예의너무 없으심\n말끊고 전화도 사람 말하고 있는데 끊고\n다른곳가는거 추천', '좋아요': '0'}, {'작성자': '서귀포 큰별', '별점': '5.0', '날짜': '2023.04.22.', '내용': '검사결과 설명도 잘 해주시고 시술 깔끔함', '좋아요': '0'}, {'작성자': 'J', '별점': '5.0', '날짜': '2023.01.11.', '내용': '원장님이 의학 지식을 환자 눈높이에 맞춰 설명을 잘 해주시고 무뚝뚝한 경상도 사투리로 다정 다감하게 말씀을 잘 해주시네요.', '좋아요': '0'}]","{'금': '09:30 ~ 18:30', '토': '09:30 ~ 15:30', '일': '휴무일', '월': '09:30 ~ 18:30', '화': '09:30 ~ 18:30', '수': '09:30 ~ 18:30', '목': '09:30 ~ 18:30', '휴무일': '공휴일'}"
뽀얀피부과의원,,종로구 종로 128 화영빌딩 5층,,"[{'작성자': '', '별점': '', '날짜': '', '내용': ' ', '좋아요': '0'}]","{'금': '09:30 ~ 18:30', '토': '09:30 ~ 13:00', '일': '휴무일', '월': '09:30 ~ 18:30', '화': '09:30 ~ 18:30', '수': '09:30 ~ 18:30', '목': '09:30 ~ 18:30', '휴무일': '공휴일'}"
대나무한의원,5.0,종로구 북촌로 2 2층,,"[{'작성자': '밍밍슐랭', '별점': '5.0', '날짜': '2024.10.05.', '내용': '친절하시고 실력 좋으세요', '좋아요': '0'}, {'작성자': 'Jian', '별점': '5.0', '날짜': '2018.12.14.', '내용': '항상 방문자가 많아서 좀 기다려야할 때도 있눈데 허리 쪽 침은 정말 잘 놔요. 다들 친절하시공~', '좋아요': '2'}]","{'금': '09:30 ~ 19:00', '토': '09:00 ~ 12:00', '월': '09:30 ~ 19:00', '화': '09:30 ~ 19:00', '수': '09:30 ~ 19:00', '목': '09:30 ~ 19:00'}"
안국수치과의원,0.0,종로구 율곡로 67 3층,//img1.kakaocdn.net/cthumb/local/C1104x408.q50/?fname=https%3A%2F%2Fpostfiles.pstatic.net%2FMjAyNDExMThfMTc0%2FMDAxNzMxOTM0NTAxOTky.cllHuyd5Inw8UHunXedZk2to7M4Ub4er2QYCxIXtSEwg.9PGlPvAhuWaWk3CtEJd2-_uUmWTrGG5VG3L20IvFJQkg.JPEG%2F1731934499894.jpg%3Ftype%3Dw773,"[{'작성자': '', '별점': '', '날짜': '', '내용': ' ', '좋아요': '0'}]","{'금': '10:00 ~ 18:30', '토': '10:00 ~ 13:00', '월': '10:00 ~ 18:30', '화': '10:00 ~ 18:30', '수': '10:00 ~ 18:30', '목': '10:00 ~ 18:30'}"
웅플란트치과의원,0.0,종로구 종로 125 대광프라자 5층,,"[{'작성자': '', '별점': '', '날짜': '', '내용': ' ', '좋아요': '0'}]","{'금': '09:30 ~ 18:00', '토': '09:30 ~ 13:00', '월': '09:30 ~ 18:00', '화': '09:30 ~ 21:00', '수': '09:30 ~ 18:00', '목': '09:30 ~ 18:00'}"
손윤희치과의원,4.0,"종로구 삼일대로 461 운현궁SK허브 101동 1층 116,117호",,"[{'작성자': 'yp', '별점': '5.0', '날짜': '2024.06.19.', '내용': '간결하고 깔끔하게 진료봐주세요 굿굿', '좋아요': '0'}, {'작성자': 'Hyung Joon', '별점': '1.0', '날짜': '2023.07.17.', '내용': '예약하려했더니 말이 엄첨 짧으신분이 전화를 받으시네요~\n무척 바쁘신듯해요~~', '좋아요': '1'}, {'작성자': '기링기링', '별점': '5.0', '날짜': '2022.01.15.', '내용': '치료에 진심인 분입니다. 내 가족 맡길 수 있는 치과', '좋아요': '0'}]","{'금': '09:30 ~ 18:00', '토': '09:30 ~ 16:00', '월': '09:30 ~ 18:00', '화': '13:00 ~ 18:00', '수': '09:30 ~ 18:00', '목': '14:00 ~ 18:00'}"
당봄한의원 종로점,4.0,종로구 수표로 96 국일관드림펠리스 6층,//img1.kakaocdn.net/cthumb/local/C544x408.q50/?fname=http%3A%2F%2Ft1.kakaocdn.net%2Fmystore%2FA90EE06B6391436A8C546F3C2FF342AA,"[{'작성자': '해성大家好', '별점': '5.0', '날짜': '2022.06.16.', '내용': '도침효과 좋아요', '좋아요': '0'}, {'작성자': 'ksk', '별점': '2.0', '날짜': '2021.01.30.', '내용': '친절하지만 그닥 효과는....', '좋아요': '1'}, {'작성자': '안뇽', '별점': '5.0', '날짜': '2019.05.20.', '내용': '^^', '좋아요': '0'}]","{'금': '09:30 ~ 18:00', '토': '09:30 ~ 15:00', '일': '휴무일', '월': '09:30 ~ 18:00', '화': '09:30 ~ 18:00', '수': '09:30 ~ 18:00', '목': '09:30 ~ 18:00', '휴무일': '추석전날, 추석당일, 추석다음날, 설전날, 설당일, 설다음날'}"
예본안과의원,3.8,종로구 종로 78 미려빌딩 2층,//img1.kakaocdn.net/cthumb/local/C544x408.q50/?fname=http%3A%2F%2Ft1.daumcdn.net%2Flocal%2FkakaomapPhoto%2Freview%2F24ce6f8877cdb04cd55ee1a76688b0c6e78fb0da%3Foriginal,"[{'작성자': '.', '별점': '1.0', '날짜': '2025.03.06.', '내용': '실력은 모르겠고 원장님이 화가 잔뜩 나셨네요\n다른 후기 꼭 읽어보고 가세요', '좋아요': '0'}, {'작성자': 'sema', '별점': '5.0', '날짜': '2025.02.22.', '내용': '2진료실에서 진료 받았는데 친절하세요.\n병원도 되게 넓고 쾌적했습니다.', '좋아요': '0'}, {'작성자': '돈아끼세요', '별점': '5.0', '날짜': '2025.02.21.', '내용': '좋고 나쁘고 할게 없음\n눈 침침한 거 같아서 갔더니 진단도 잘해주고 접수 직원분도 ... 더보기', '좋아요': '1'}]","{'금': '09:00 ~ 19:00', '토': '09:00 ~ 15:00', '일': '휴무일', '월': '09:00 ~ 18:00', '화': '09:00 ~ 18:00', '수': '09:00 ~ 18:00', '목': '09:00 ~ 18:00', '휴무일': '공휴일'}"
오복치과,0.0,종로구 종로 113 2층,,"[{'작성자': '', '별점': '', '날짜': '', '내용': ' ', '좋아요': '0'}]",{}
오복플란트치과의원,0.0,"종로구 종로 113 진영빌딩 2,3층",,"[{'작성자': '', '별점': '', '날짜': '', '내용': ' ', '좋아요': '0'}]","{'금': '09:30 ~ 18:30', '토': '09:30 ~ 14:00', '일': '휴무일', '월': '09:30 ~ 20:30', '화': '09:30 ~ 18:30', '수': '09:30 ~ 18:30', '목': '09:30 ~ 18:30', '휴무일': '공휴일'}"
안아픈세상삼선당한의원,4.0,종로구 율곡로 67 3층,,"[{'작성자': '새벽', '별점': '5.0', '날짜': '2025.01.22.', '내용': '친절하시고 꼼꼼히 잘 봐주세요~', '좋아요': '0'}, {'작성자': 'hsk', '별점': '2.0', '날짜': '2023.04.04.', '내용': '별로에요.', '좋아요': '0'}]","{'금': '09:30 ~ 18:30', '토': '09:30 ~ 14:00', '일': '휴무일', '월': '09:30 ~ 18:30', '화': '09:30 ~ 18:30', '수': '09:30 ~ 18:30', '목': '09:30 ~ 14:00', '휴무일': '공휴일'}"
종로30분치과의원,5.0,종로구 종로 87-1 3층,//img1.kakaocdn.net/cthumb/local/C544x408.q50/?fname=https%3A%2F%2Fpostfiles.pstatic.net%2FMjAyNTAyMTBfNTMg%2FMDAxNzM5MTcyMzIwNzI4.ATs_zgH4Tnh3FBstc1AOiqYWroYUFkvBDvq98DrqBu8g.bSVOUai6T0JpaDn2E-pPspIT-pEfzYgKEaa-GPlUWNAg.PNG%2FSE-08c0d420-b536-4b19-a1e9-8c91fd7504de.png%3Ftype%3Dw466,"[{'작성자': 'JS', '별점': '5.0', '날짜': '2023.08.03.', '내용': '원장님 너무 좋으시구 치과 내부도 깔끔해요 \n진료도 정말 친절하게 잘 봐주세요!', '좋아요': '0'}, {'작성자': '요아킴', '별점': '5.0', '날짜': '2023.06.12.', '내용': '미백치료 받으러 처음 방문했는데 원장님 너무 친절하시고 꼼꼼하셔서 앞으로 계속 여기 다니려구요. 새로 오픈해서 내부도 엄청 깔끔해요', '좋아요': '0'}]","{'금': '10:00 ~ 18:30', '토': '휴무일', '일': '휴무일', '월': '10:00 ~ 19:00', '화': '10:00 ~ 18:30', '수': '10:00 ~ 20:30', '목': '10:00 ~ 19:00', '휴무일': '공휴일'}"
박강석치과의원,,종로구 종로 115 3층,,"[{'작성자': '', '별점': '', '날짜': '', '내용': ' ', '좋아요': '0'}]","{'금': '09:30 ~ 18:30', '토': '09:30 ~ 14:30', '월': '09:30 ~ 18:30', '화': '09:30 ~ 18:30', '수': '09:30 ~ 18:30', '목': '09:30 ~ 18:30'}"
이안한의원,5.0,종로구 종로 125,//img1.kakaocdn.net/cthumb/local/C544x408.q50/?fname=https%3A%2F%2Fpostfiles.pstatic.net%2FMjAyNDEyMTJfMTcz%2FMDAxNzMzOTY5NzgxMTYz.7QhAuZHEl359jPCTZE4W18pNvKrbBoLEstUCaoAD2mkg.oF-VOgQ8_kY5U5YYLMa8-7H4EeIUc4bKF3oy2lkxDvUg.JPEG%2F%25EC%2597%2585%25EC%25B2%25B4%25EC%2582%25AC%25EC%25A7%2584_(4).jpg%3Ftype%3Dw966,"[{'작성자': '아로미공주', '별점': '5.0', '날짜': '2025.01.02.', '내용': '직원분들 모두 친절하시구여~\n새로오픈해서그런지 깔끔하고 세련된 인테리어!\n젊... 더보기', '좋아요': '0'}]","{'금': '10:00 ~ 20:30', '토': '10:00 ~ 15:00', '월': '10:00 ~ 20:30', '화': '10:00 ~ 19:00', '수': '10:00 ~ 20:30', '목': '10:00 ~ 19:00'}"
더영의원,3.8,종로구 종로 74 영안빌딩 4층,//img1.kakaocdn.net/cthumb/local/C544x408.q50/?fname=http%3A%2F%2Ft1.kakaocdn.net%2Fmystore%2F4A33EDAA785245238DA8276E2C4AF79E,"[{'작성자': '이천아울렛', '별점': '1.0', '날짜': '2025.02.12.', '내용': '비추천합니다. 차도가 전혀 없어서 병원옮기고 완쾌했어요. 직장인들 수액맞는 병원이네요.', '좋아요': '0'}, {'작성자': '.', '별점': '5.0', '날짜': '2025.01.29.', '내용': '설날 독감이 걸려 방문했는데, 독감수액 맞고 많이 좋아졌어요. 특히, 수액실이 너무 쾌적해요 👍', '좋아요': '0'}, {'작성자': '강아지똥', '별점': '2.0', '날짜': '2025.01.08.', '내용': '야간까지 한다는건 큰 장점이지만, 그 외에는 잘 모르겠습니다.\n\n열38도에 독감 검사 3만... 더보기', '좋아요': '1'}]","{'금': '10:00 ~ 20:30', '토': '휴무일', '일': '휴무일', '월': '10:00 ~ 20:30', '화': '10:00 ~ 20:30', '수': '10:00 ~ 20:30', '목': '10:00 ~ 20:30', '휴무일': '공휴일'}"
더블유항외과의원 종로점,3.3,"종로구 종로 69 서울 YMCA 4층 410~412,415,417~418호",,"[{'작성자': '지은', '별점': '5.0', '날짜': '2025.03.08.', '내용': '저 솔직히 반신반의했거든요? 후기가 너무 안 좋아서? 근데 너무 좋아요 진짜 제가 걱정돼서 많이 물어봤는데도 정말 친절하게 살펴주시고 안심... 더보기', '좋아요': '0'}, {'작성자': 'ㅎㅇ', '별점': '5.0', '날짜': '2025.02.15.', '내용': '여의사선생님 엄청 친절하세용 설명도 자세히 해주시고 좋았어요. 저는 데스크 직원분들도 크게 불친절하다고 못느꼈어요', '좋아요': '0'}, {'작성자': '랑가나단', '별점': '5.0', '날짜': '2025.02.10.', '내용': '항문외과는 처음인데, 의사선생님 정말 너무 친절하십니다! 멀리서 온 보람이 있네요:)', '좋아요': '0'}]","{'금': '09:30 ~ 18:30', '토': '09:30 ~ 15:00', '월': '09:30 ~ 18:30', '화': '09:30 ~ 18:30', '수': '09:30 ~ 18:30', '목': '09:30 ~ 18:30'}"
메이플치과의원,4.5,종로구 인사동5길 26 홍익빌딩 4층,//img1.kakaocdn.net/cthumb/local/C544x408.q50/?fname=http%3A%2F%2Ft1.daumcdn.net%2Flocal%2FkakaomapPhoto%2Freview%2Fc20819fef1e6cb118869aade476cf21c12bb352a%3Foriginal,"[{'작성자': '마이클너트', '별점': '5.0', '날짜': '2024.12.13.', '내용': '친철하시고 진료 정말 안심하고 할수있도록 도와주네요', '좋아요': '0'}, {'작성자': '미미', '별점': '4.0', '날짜': '2023.10.27.', '내용': '메이플 칫과 친절 상냥 해요.', '좋아요': '1'}]","{'금': '10:00 ~ 18:30', '토': '휴무일', '일': '휴무일', '월': '10:00 ~ 18:30', '화': '10:00 ~ 18:30', '수': '10:00 ~ 18:30', '목': '10:00 ~ 18:30', '휴무일': '공휴일'}"
서울플란트치과의원,3.0,종로구 수표로 96 국일관 드림팰리스 14층,//img1.kakaocdn.net/cthumb/local/C544x408.q50/?fname=https%3A%2F%2Fpostfiles.pstatic.net%2FMjAyMjExMjlfMTQ3%2FMDAxNjY5Njg4NjU5Mzc1.McHv0Qhx1lVgUg6ZDXwp1ZlgUMroCWDcMvuG2-62jpsg.V5WaH4-zi2pdEj7c-7r083tqX3rXWnj_qNeR-TKKdIYg.JPEG.lsodko22%2F1.jpg%3Ftype%3Dw773,"[{'작성자': '설준태', '별점': '1.0', '날짜': '2022.12.22.', '내용': '20만원 주고 유지장치 맞춰서 붙였는데 한달안에 두번이나 떨어졌어요. 그 전에 교정 끝나고 붙인 유지장치는 3-4년이나 그대로 있었는데... 더보기', '좋아요': '2'}, {'작성자': '밍이', '별점': '5.0', '날짜': '2022.10.01.', '내용': '가격도 저렴하고 친절하게 설명도 잘해주셔서 치료잘받았습니다', '좋아요': '0'}, {'작성자': '김선준', '별점': '5.0', '날짜': '2021.05.06.', '내용': '현역 군인입니다.\n코로나로 교정진료를 제때 못가고 그랬음에도 불구하고 언제나 늘 친절하게 진료봐주시고 시설도 깨끗하고 교정도 아주 잘되고 있는 것 같아서 아주 감사합니다.ㅎ', '좋아요': '1'}]","{'금': '10:00 ~ 18:00', '토': '10:00 ~ 13:00', '일': '휴무일', '월': '10:00 ~ 18:00', '화': '10:00 ~ 18:00', '수': '10:00 ~ 18:00', '목': '10:00 ~ 18:00', '휴무일': '공휴일'}"
이루미치과의원,5.0,종로구 종로 86 보원빌딩 5층,,"[{'작성자': '꽃분이 여사의 솔직 리뷰', '별점': '5.0', '날짜': '2021.12.15.', '내용': '우와 선생님 여기 계셨네요 ㅠㅠ 그리웠어요', '좋아요': '0'}]","{'금': '10:30 ~ 18:30', '토': '10:00 ~ 17:00', '일': '휴무일', '월': '휴무일', '화': '10:30 ~ 18:30', '수': '10:30 ~ 19:30', '목': '14:30 ~ 18:30', '휴무일': '공휴일'}"
연세이엔오치과,3.6,종로구 율곡로 47 걸스카우트빌딩 4층 402~405호,,"[{'작성자': '짹짹이', '별점': '1.0', '날짜': '2024.08.01.', '내용': '왠만하면 이런 리뷰 안남기는데 여러사람 앉혀놓고 왔다갔다 치료해서 예약을 하고가도 오래걸림 언제 끝나냐 물어봐도 금방 끝난다 금방 치료해줄거다 이런얘기만 하고 계속 기다리게함 그래도 설명... 더보기', '좋아요': '0'}, {'작성자': '규', '별점': '5.0', '날짜': '2024.03.08.', '내용': '의사 선생님이 불친절하다는 리뷰가 있는데,\n조금 무뚝뚝하다 느껴질 수 있을지 몰라도\n꼼꼼하게 설명해주시고 과잉 진료 전... 더보기', '좋아요': '0'}, {'작성자': '군고구마헌터', '별점': '5.0', '날짜': '2024.01.19.', '내용': '데스크 간호사 분 엄청 친절하시고 의사선생님도 과잉진료 안하세요!!', '좋아요': '0'}]","{'금': '09:30 ~ 18:30', '토': '09:30 ~ 16:00', '일': '휴무일', '월': '09:30 ~ 18:30', '화': '09:30 ~ 18:30', '수': '09:30 ~ 20:30', '목': '09:30 ~ 18:30', '휴무일': '공휴일'}"
북촌소담정신건강의학과의원,5.0,종로구 율곡로 47 4층 401호,,"[{'작성자': '먀옹', '별점': '5.0', '날짜': '2024.02.15.', '내용': '약만 처방해주거나,  상담은 상담사랑만 하고 의사는 아주 짧게 보는 경우도 있는데 초진이라 그럴수도 있지만  환자 상황을 파악하려고 노력하시는 것 같아 좋... 더보기', '좋아요': '0'}, {'작성자': '공공이익study', '별점': '5.0', '날짜': '2024.02.06.', '내용': '진주정신병원 엘리엘리 북촌소담 등  송유화 이분 맞는거같은데 혹시 맞으면 싹싹바꾸면서 하면서 하는 그런거같은데 이런 사람 있음 진주음악심리 손경숙 비... 더보기', '좋아요': '1'}]","{'금': '10:00 ~ 19:00', '토': '10:00 ~ 14:00', '일': '휴무일', '월': '10:00 ~ 19:00', '화': '10:00 ~ 19:00', '수': '10:00 ~ 14:00', '목': '10:00 ~ 19:00', '휴무일': '공휴일'}"
광화문한의원,3.0,종로구 인사동11길 16-1,,"[{'작성자': 'kyoya', '별점': '1.0', '날짜': '2024.05.28.', '내용': '가지마세요. 10년동안 한의원 다녀봤는데 걍 상식을 뛰어넘는 곳임. 허름하지만 사람들 꽤있어서 갔음. 일단 체계가 없음. 접수하는데도 어딘지 모호하고 의사가운도 안입고계셔서 의사인지 그냥 계속 앉아계시는 손님인지... 더보기', '좋아요': '1'}, {'작성자': '김우연', '별점': '5.0', '날짜': '2019.12.20.', '내용': '여러군데 추나 받아봤는데요. 여기가 제일 잘하시네요. 밖에서 보면 허름해서 여기가 한의원 맞나 싶을 정도긴한데요. ㅎ 한의사 선생님이 엄청 자세히 봐주시네요. 추나는 다른데서는 좀 흉내 내는것 같거... 더보기', '좋아요': '0'}]","{'금': '10:00 ~ 17:30', '일': '10:00 ~ 16:00', '월': '10:00 ~ 17:30', '화': '10:00 ~ 17:30', '수': '10:00 ~ 17:30'}"
서울듀크의원,3.3,종로구 율곡로 47 걸스카웃회관 3층,//img1.kakaocdn.net/cthumb/local/C544x408.q50/?fname=http%3A%2F%2Ft1.daumcdn.net%2Flocal%2FkakaomapPhoto%2Freview%2Fbbef4d698bb4417f03129d59e35331788be5ffb5%3Foriginal,"[{'작성자': '자로', '별점': '5.0', '날짜': '2025.03.24.', '내용': '난 댓글을 믿는편인데. 집단지성을 믿는편인데.\n왜이렇게 평이 안좋은지 모르겠음.\n오늘 몸살이 걷지도 못할 정도로 너무너무 심해서 영양주사 맞으러 갔는데... 더보기', '좋아요': '0'}, {'작성자': '모카', '별점': '5.0', '날짜': '2025.01.18.', '내용': '아플 때 마다 자주 가는 곳이에요. 친절하시고 검사도 간단하게 할 수 있어요! 댓글에 평이 안좋게 쓴 분들이 이해 안가네요. 진료비도 저는 다른 곳에 비해 저렴한것 같던데;;;', '좋아요': '0'}, {'작성자': '황문규', '별점': '1.0', '날짜': '2024.05.24.', '내용': '소변검사, 혈액검사 시 심전도검사 요구 안했는데 하라고 함. 비용도 비싸지 않고 해서 나쁠 거 없어서 했음. 일정 기간 지난 후 찾아감. \n소변검사 결과, 혈액검사는 알려주는데 심전도검사 결과는 안알려줌... 더보기', '좋아요': '0'}]","{'금': '09:00 ~ 18:00', '토': '09:00 ~ 13:00', '일': '휴무일', '월': '09:00 ~ 18:00', '화': '09:00 ~ 18:00', '수': '09:00 ~ 18:00', '목': '09:00 ~ 18:00', '휴무일': '공휴일'}"
로뎀치과,3.2,종로구 삼일대로 461 SK허브프라자 101동 207호,,"[{'작성자': 'sry', '별점': '5.0', '날짜': '2023.11.10.', '내용': '20년 이상 다니고 있어요^^ 치아교정부터 정기관리까지 원장님 찬찬히 잘 봐 주셔서 50대 초반이지만 충치 하나 없이 반듯한 건치를 유지하고 있고. 원장 선생님 간호사 선생님 늘 친절하... 더보기', '좋아요': '0'}, {'작성자': '역시배운사람', '별점': '4.0', '날짜': '2023.08.05.', '내용': '고향할머니같은 느낌으로 봐주시는 원장님에 처음에는 놀랬지만 전체적인 서비스나 만족도는 언제나 좋기에 꾸준히 찾는 유일한 치과입니다～^^', '좋아요': '0'}, {'작성자': '흠냐', '별점': '1.0', '날짜': '2021.12.01.', '내용': '잇몸 다 망가졌어요 사람 가려가며 대하는거 치가떨렸어요 공익 위해 작성합니다', '좋아요': '0'}]","{'금': '09:30 ~ 16:00', '토': '09:00 ~ 12:00', '월': '09:30 ~ 16:00', '화': '09:30 ~ 16:00', '수': '09:30 ~ 16:00', '목': '09:30 ~ 16:00'}"
장갑성애플치과,4.0,종로구 돈화문로 24 3층,,"[{'작성자': 'Miel', '별점': '5.0', '날짜': '2023.05.11.', '내용': '치아에 관심이 많아 좋다는 곳을 찾아 다녔다가 지인의 소개로 알게되어 몇년째 다니고 있어요.\n거품가격없고 친절은 기본, 무엇보다 의사선생님 실... 더보기', '좋아요': '0'}, {'작성자': '몽돌', '별점': '5.0', '날짜': '2023.04.17.', '내용': '과잉진료 하나 없이 잘 봐주셔요', '좋아요': '1'}, {'작성자': '.', '별점': '5.0', '날짜': '2022.11.23.', '내용': '나만 알고싶은치과\n10년넘게 다니고 우리식구들 친척 모두다님~~~', '좋아요': '1'}]","{'금': '09:30 ~ 18:00', '월': '09:30 ~ 18:00', '화': '09:30 ~ 18:00', '수': '09:30 ~ 18:00', '목': '09:30 ~ 18:00'}"
로앤산부인과의원 종로점,3.6,종로구 종로 78 미려빌딩 4층,//img1.kakaocdn.net/cthumb/local/C544x408.q50/?fname=http%3A%2F%2Ft1.daumcdn.net%2Fcfile%2F2156653E558A078B25,"[{'작성자': '뿡이', '별점': '5.0', '날짜': '2025.03.28.', '내용': '김예진 원장님, 김은주 원장님 정말 친절하시고 진료도 잘 봐주세요. 처방약 부작용 관련해서도 다른 병원에서는 처음 듣는다는 식으로 얘기하고 대체 처방도 안 해주는데, 대체... 더보기', '좋아요': '0'}, {'작성자': '후기잘안남기는데', '별점': '5.0', '날짜': '2025.03.13.', '내용': '퇴근후 방문했고 대기하신 분들이 있어서 초진문서 작성하고 좀 기다리니 선생님께서 직접 나와 진료실로 안내해주셨어요.\n갱년기증상 땜에 홀몬제 복용에 대해 상담을 받았는... 더보기', '좋아요': '0'}, {'작성자': '동팔', '별점': '5.0', '날짜': '2025.01.04.', '내용': '로테이션 근무다보니  진료가 좀 엉켜요\n모 원장님은 월경유도주사 안맞을거라고 야즈 먹자고 했는데 일주일 뒤에 갔더니 다른 모 원장님은 오늘 월경유도주사 맞을거라고해서 놀랐네요..', '좋아요': '0'}]","{'금': '10:00 ~ 21:00', '토': '10:00 ~ 16:00', '일': '휴무일', '월': '10:00 ~ 21:00', '화': '10:00 ~ 21:00', '수': '10:00 ~ 21:00', '목': '10:00 ~ 21:00', '휴무일': '석가탄신일, 추석전날, 추석당일, 추석다음날, 설전날, 설당일, 설다음날, 1월1일, 삼일절, 5월 1일 휴무, 현충일, 광복절'}"
에스앤유피부과의원,2.8,종로구 종로12길 15 코아빌딩 6층,//img1.kakaocdn.net/cthumb/local/C544x408.q50/?fname=https%3A%2F%2Fpostfiles.pstatic.net%2FMjAyNDExMjdfMTI0%2FMDAxNzMyNjg3MDYyMTkz.cM1WwKZPacozyLbmuk7todyWFiQOXGoeHHP6Q1ICb5Qg.OcLZmW-_SR---e2Ynyyp1x10Z1aQhkBsNjXdnwAysEsg.JPEG%2Foutput_2643100906.jpg%3Ftype%3Dw386,"[{'작성자': '김진형', '별점': '5.0', '날짜': '2024.04.30.', '내용': '발톱무좀 치료 후 큰점 제거 두번째인데 생각보다 시술이 빨리 끝났고 통증도 전혀 없네요 비용도 만족합니다\n후기에 간호사들 불친절하다고 하던데 나는 ... 더보기', '좋아요': '2'}, {'작성자': '김세영', '별점': '1.0', '날짜': '2024.04.12.', '내용': '저 진짜 리뷰 이벤트 아닌 이상 귀찮아서 이런 거 절대 안 쓰는 사람입니다. 그런데 이 병원 갔다온 지 지금 2주가 넘어가는데도 생각할 때마다 화가 솟구쳐서 써요. 이두락 원장에게 진료 받았어요. 갑자기 피부염이 심해져서 ... 더보기', '좋아요': '14'}, {'작성자': '호이', '별점': '1.0', '날짜': '2023.12.07.', '내용': '간호사들 전반적으로 불친절함', '좋아요': '6'}]","{'금': '10:00 ~ 20:00', '토': '09:30 ~ 13:30', '일': '휴무일', '월': '10:00 ~ 20:00', '화': '10:00 ~ 20:00', '수': '10:00 ~ 20:00', '목': '10:00 ~ 20:00', '휴무일': '공휴일'}"
김경진치과의원,5.0,종로구 종로 139,,"[{'작성자': '미스터권', '별점': '5.0', '날짜': '2019.01.24.', '내용': '무조건 추천한다. 경력 많은 의사와 위생사가 환자 말 잘 들어주고, 설명도 잘해주고 친절하다. 미리 예약해서 바로 진료 받을수 있게 해줘 시간 아껴주고 다른 병원에서 느낄수 없는 한국 초기 병원 느낌을 느낄수 있었다. 마음이 따뜻해져서 나왔다.', '좋아요': '0'}]","{'금': '10:00 ~ 17:00', '월': '10:00 ~ 17:00', '화': '10:00 ~ 17:00', '수': '10:00 ~ 17:00', '목': '10:00 ~ 17:00'}"
이선우성형외과의원,3.5,종로구 종로 132 3층,,"[{'작성자': '청송아', '별점': '2.0', '날짜': '2024.08.22.', '내용': '전문의 시설도 미비, 전문성도  다소미흡 .', '좋아요': '0'}, {'작성자': '지나가던사람1', '별점': '5.0', '날짜': '2024.08.16.', '내용': '가성비가 뛰어난 수술을 하시네요. 레이저로 조금 지지고 필러 넣는 시술하시는 분이아니라 실제로 찢고, 꿰메고 하시는 외과 수술 하시는 분 입니다. 실력 좋아요. 가격도 합리적입니다. 아무것도 모... 더보기', '좋아요': '1'}]","{'금': '10:00 ~ 19:00', '토': '10:00 ~ 16:00', '월': '10:00 ~ 19:00', '화': '10:00 ~ 19:00', '수': '10:00 ~ 19:00', '목': '10:00 ~ 19:00'}"
종로의원,3.3,종로구 종로 128 화영빌딩 4층 401호,,"[{'작성자': 'Jy', '별점': '2.0', '날짜': '2022.02.28.', '내용': '별로..', '좋아요': '0'}, {'작성자': '몽몽', '별점': '5.0', '날짜': '2022.01.26.', '내용': '원장선생님이 주사놔주셨는데 하나도 안 아프게 놔주셔서 느낌도 거의 안 났어요! 그리고 간호조무사선생님이랑 원장님 두 분 다 친절하세요', '좋아요': '0'}, {'작성자': '희망고문', '별점': '5.0', '날짜': '2020.12.08.', '내용': '원장님 오래진료 하셔서 잘 봐주시고 친절하십니다.', '좋아요': '0'}]","{'금': '08:30 ~ 19:00', '토': '09:00 ~ 15:00', '일': '휴무일', '월': '08:30 ~ 19:00', '화': '08:30 ~ 19:00', '수': '08:30 ~ 19:00', '목': '08:30 ~ 19:00', '휴무일': '공휴일'}"
정극모치과의원,3.7,종로구 종로 128,,"[{'작성자': '🏄🏻\u200d♂️', '별점': '5.0', '날짜': '2025.03.12.', '내용': '원장님 실력좋으세요. 10년 넘게 다니고있어요. 섬세하시고 편안하게 치료해주세요. 간호사 분들도 친절하세요.', '좋아요': '0'}, {'작성자': '네이시스', '별점': '2.0', '날짜': '2022.04.22.', '내용': '입구들어선 그순간부터  나가는 순간까지 입에 달고 사는 단어.\n결국 환자의 머리속엔 이 단어 하나만 남게됨.\n\n스케일링스케일링스케일링스케... 더보기', '좋아요': '0'}, {'작성자': '박남', '별점': '5.0', '날짜': '2021.06.22.', '내용': '중국에서 사업을하는동안 치아가 많이 안좋아져서 코로나로 한국에 있는동안 치과치료를 하기로 마음먹고 장교빌딩 종각치과에서 치료를 받던도중 종각치과원장님께서 갑자기 건강이 ... 더보기', '좋아요': '1'}]","{'금': '09:00 ~ 18:00', '토': '09:00 ~ 13:00', '월': '09:00 ~ 18:00', '화': '09:00 ~ 18:00', '수': '09:00 ~ 18:00', '목': '09:00 ~ 18:00'}"
바른라인치과의원,0.0,종로구 종로 88,//img1.kakaocdn.net/cthumb/local/C544x408.q50/?fname=https%3A%2F%2Fsearch.pstatic.net%2Fcommon%2F%3Fsrc%3Dhttps%253A%252F%252Fldb-phinf.pstatic.net%252F20170712_290%252F1499842353402a98Q0_JPEG%252F186662558252963_3.jpeg,"[{'작성자': '', '별점': '', '날짜': '', '내용': ' ', '좋아요': '0'}]","{'금': '10:00 ~ 19:00', '토': '10:00 ~ 16:00', '월': '10:00 ~ 19:00', '화': '10:00 ~ 19:00', '수': '13:00 ~ 20:30'}"
로엘심장혈관 흉부외과의원,,종로구 종로 68 대한기독교서회빌딩 3층,//img1.kakaocdn.net/cthumb/local/C544x408.q50/?fname=http%3A%2F%2Ft1.kakaocdn.net%2Fmystore%2FF967C0DA94874567B6806E71752C0766,"[{'작성자': '', '별점': '', '날짜': '', '내용': ' ', '좋아요': '0'}]","{'금': '08:00 ~ 16:00', '토': '08:00 ~ 16:00', '일': '휴무일', '월': '08:00 ~ 16:00', '화': '08:00 ~ 16:00', '수': '08:00 ~ 16:00', '목': '휴무일', '휴무일': '매주 목요일, 일요일'}"
종로밀레니엄 치과의원,4.3,종로구 종로 78 미려빌딩 6층,//img1.kakaocdn.net/cthumb/local/C544x408.q50/?fname=http%3A%2F%2Ft1.kakaocdn.net%2Fmystore%2F6358300A8070475E88DEC2BF305C4178,"[{'작성자': '뚜룰랄라', '별점': '5.0', '날짜': '2024.12.27.', '내용': '스케일링했는데 친절하고 꼼꼼히 봐주셨어요~', '좋아요': '0'}, {'작성자': 'ㅇㄱㅇ', '별점': '5.0', '날짜': '2023.06.14.', '내용': '잘해주시는거같아요', '좋아요': '0'}, {'작성자': '삐융', '별점': '5.0', '날짜': '2023.05.26.', '내용': '스케일링 받았는데 엄청 친절하시고 꼼꼼하셔서 좋았어요:) 첫방문이라 꽃 달린 치약 칫솔 세트도 주셨는데 넘 귀여워요ㅎㅎ', '좋아요': '0'}]","{'금': '10:00 ~ 19:00', '토': '10:00 ~ 14:00', '일': '휴무일', '월': '10:00 ~ 19:00', '화': '10:00 ~ 21:00', '수': '10:00 ~ 19:00', '목': '10:00 ~ 21:00', '휴무일': '공휴일'}"
연세아인의원,4.2,종로구 종로 60-1 3층,//img1.kakaocdn.net/cthumb/local/C544x408.q50/?fname=http%3A%2F%2Ft1.kakaocdn.net%2Fmystore%2FC5DBBA3E00804CB1A04DA67903D54021,"[{'작성자': 'andis', '별점': '5.0', '날짜': '2024.11.14.', '내용': '간호사 선생님들, 의사 선생님 모두 친절하셔서 감동했어요 🥹', '좋아요': '0'}, {'작성자': '상상용', '별점': '3.0', '날짜': '2024.09.27.', '내용': '조금 비싸다고 느껴지네요', '좋아요': '0'}, {'작성자': '호이안', '별점': '3.0', '날짜': '2024.08.01.', '내용': '원장님은 친절하시나 염증 주사 맞은 부분이 패였어요ㅠㅠ 가라앉지도 않아서 며칠 후 다른 병원가서 또 맞음', '좋아요': '0'}]","{'금': '10:30 ~ 20:00', '토': '10:30 ~ 14:30', '일': '휴무일', '월': '10:30 ~ 20:00', '화': '10:30 ~ 20:00', '수': '10:30 ~ 20:00', '목': '10:30 ~ 20:00', '휴무일': '공휴일'}"
리즈산부인과의원,1.1,종로구 종로 78 미려빌딩 3층 301호,//img1.kakaocdn.net/cthumb/local/C544x408.q50/?fname=http%3A%2F%2Ft1.daumcdn.net%2Fcfile%2F15687C134CE38A534B,"[{'작성자': '후기미제공 이유있다', '별점': '1.0', '날짜': '2025.02.15.', '내용': '데스크에있는직원들은 머 직업정신없으니 그렇다치고 원장이 싸가지없으면 어떡하지...? 설명자체가 디테일하지않아. 너 잘 알면 다야?ㅋㅋ 잘 알아야되는게 기본값 아니니? 환자들은 모르는거당연한거아니냐 콧대왜높은데ㅋㅋㅋ', '좋아요': '0'}, {'작성자': '백솔', '별점': '1.0', '날짜': '2024.10.30.', '내용': '점심시간을 좀 기재해놓으세요\n2시부터3시까지 점심시간인지 어떻게아나요', '좋아요': '1'}, {'작성자': '.', '별점': '1.0', '날짜': '2023.05.09.', '내용': '선생님 불친절하신걸 넘어서 많이 무례하십니다', '좋아요': '4'}]","{'금': '10:00 ~ 20:00', '토': '10:00 ~ 14:00', '일': '10:00 ~ 14:00', '월': '10:00 ~ 20:00', '화': '10:00 ~ 20:00', '수': '10:00 ~ 20:00', '목': '10:00 ~ 20:00'}"
김치과의원,0.0,종로구 수표로 93-1 2층,,"[{'작성자': '', '별점': '', '날짜': '', '내용': ' ', '좋아요': '0'}]","{'금': '09:30 ~ 17:00', '월': '09:30 ~ 17:00', '화': '09:30 ~ 17:00', '수': '09:30 ~ 17:00', '목': '09:30 ~ 17:00'}"
통인한의원,5.0,종로구 우정국로 39 우정에쉐르 2층,//img1.kakaocdn.net/cthumb/local/C544x408.q50/?fname=https%3A%2F%2Fpostfiles.pstatic.net%2FMjAyNDEyMDVfMjY0%2FMDAxNzMzMzgwNjE5MTc5.MrpWXH_F6Uo0SkMZ2SGl_JnDfMhe0t16x-4Wa1vlTX8g.l5mCr9TwVPx0ViAEVtz4ce_WBxHlfX9Bsrcy1Jp9-5wg.JPEG%2FKakaoTalk_20241205_153642163.jpg%3Ftype%3Dw773,"[{'작성자': '.', '별점': '5.0', '날짜': '2024.12.30.', '내용': '몸이 안좋으면 가장먼저 생각나는 곳 입니다.', '좋아요': '0'}, {'작성자': 'dodo', '별점': '5.0', '날짜': '2024.11.19.', '내용': '10년전에 방문했었다는데\n나는 기억이 없다.\n아무튼 오늘 어깨가 아파서 갔는데\n... 더보기', '좋아요': '0'}, {'작성자': 'nytocali', '별점': '5.0', '날짜': '2023.11.13.', '내용': '헐 타이레놀 먹어도 뒷목 통증이 심해서 갔는데\n통증이 바로 없어지네요 ㅜㅠ', '좋아요': '0'}]","{'금': '10:00 ~ 19:00', '토': '10:00 ~ 14:00', '일': '휴무일', '월': '10:00 ~ 19:00', '화': '10:00 ~ 19:00', '수': '10:00 ~ 19:00', '목': '10:00 ~ 19:00', '휴무일': '매주 일요일'}"
벨치과,5.0,종로구 종로 65,,"[{'작성자': '자벳', '별점': '5.0', '날짜': '2022.12.14.', '내용': '저희 식구들 모두 벨치과 단골인데요, 원장님 너무 진료잘하시고, 항상 한결같으세여.', '좋아요': '1'}, {'작성자': '휘지니', '별점': '5.0', '날짜': '2021.03.09.', '내용': '서울대 출신원장님이라 실력있다고  주변소개로 치료받았어요ㆍ아담하고  소박한 분위기였고  과잉진료는 없는  꼼꼼히 치료해주셔서 만족했습니다 ㆍ', '좋아요': '0'}, {'작성자': 'JiN', '별점': '5.0', '날짜': '2020.11.14.', '내용': '내실이 좋은곳이에요. 실력좋으시고 쓸데없는 과잉 치료 없으세요. 설대교수님이 추천하셔서 다니는곳인데 건실하시고 검소하세요. 믿고갑니다. 화려하지않고 진솔해요.', '좋아요': '0'}]","{'금': '10:00 ~ 18:00', '토': '10:00 ~ 13:00', '월': '10:00 ~ 18:00', '화': '10:00 ~ 18:00', '수': '10:00 ~ 18:00', '목': '10:00 ~ 18:00'}"
약뜸한의원,0.0,종로구 우정국로 51 선일빌딩 7층,//img1.kakaocdn.net/cthumb/local/C544x408.q50/?fname=https%3A%2F%2Fpostfiles.pstatic.net%2FMjAyMzA0MjRfMzAg%2FMDAxNjgyMzI4ODgwMDcw.kPLG-tjVlG_jsjV1XlCCEwhhrgrEie5gVzCCVFTVt08g._iMVkL7dpGWsnZH4F0TTGOyQFIUp-u8nOnS2-hcIerQg.JPEG.dizzy0201%2F20230422%25EF%25BC%25BF133140.jpg%3Ftype%3Dw580,"[{'작성자': '', '별점': '', '날짜': '', '내용': ' ', '좋아요': '0'}]","{'금': '10:00 ~ 18:00', '토': '10:00 ~ 13:00', '월': '10:00 ~ 18:00', '화': '10:00 ~ 18:00', '수': '10:00 ~ 18:00', '목': '10:00 ~ 18:00'}"
용화당한의원,2.3,종로구 윤보선길 32 1층,,"[{'작성자': '-', '별점': '1.0', '날짜': '2023.12.27.', '내용': '멀쩡한 사람 약물중독(아산병원 피셜)으로 간이식 하게 만들었음. 간 다 망가질때까지 나타나는 증상들을 명현현상이라고.. 환자가 의사 말에 토달거나 믿지 않으면 치료해줄 수 없다고 가스라이팅해서 거기에 당함.', '좋아요': '0'}, {'작성자': '성현정', '별점': '5.0', '날짜': '2020.08.29.', '내용': '전 교통사고 후유증으로 3년 반동안 이곳 저곳 다니며 치료받았는데 그 어느 곳에서도 확실한 원인과 상태를 진단해주고 치료해 주지 못했어요. 시간이 흐를 수록 불안했고 무엇보다 평생 고통속에서 살지도 모른다는... 더보기', '좋아요': '0'}, {'작성자': '안녕하세요', '별점': '1.0', '날짜': '2019.07.03.', '내용': '돌팔이인것 같아요 한약값 더럽게 비싸요;;', '좋아요': '0'}]","{'금': '10:00 ~ 18:00', '토': '10:00 ~ 14:00', '화': '10:00 ~ 18:00', '수': '10:00 ~ 18:00'}"
포레스트병원,0.0,종로구 율곡로 164,//img1.kakaocdn.net/cthumb/local/C544x408.q50/?fname=http%3A%2F%2Ft1.kakaocdn.net%2Fmystore%2F02BBF652827440B681D50601BCB25C3D,"[{'작성자': '', '별점': '', '날짜': '', '내용': ' ', '좋아요': '0'}]","{'금': '09:00 ~ 18:00', '토': '09:00 ~ 13:00', '월': '09:00 ~ 18:00', '화': '09:00 ~ 18:00', '수': '09:00 ~ 18:00', '목': '09:00 ~ 18:00', '휴무일': '공휴일'}"
일맥한의원 종로점,5.0,종로구 종로 74 영안빌딩 4층,//img1.kakaocdn.net/cthumb/local/C544x408.q50/?fname=http%3A%2F%2Ft1.daumcdn.net%2Flocalfiy%2FB4838F6CE1ED42F494626B9656B49445,"[{'작성자': '헬로우 잇츠미', '별점': '5.0', '날짜': '2024.08.14.', '내용': '원장님이 무심한 듯 굉장히 친절하십니다', '좋아요': '0'}, {'작성자': '키코', '별점': '5.0', '날짜': '2021.12.27.', '내용': '원장님께서 너무 친절하셔서 매번 종로점으로 일부러 방문합니다', '좋아요': '0'}, {'작성자': 'vinforte2375', '별점': '5.0', '날짜': '2021.02.10.', '내용': '전화상담부터 직원분들 친절하시고 무엇보다 원장님이 꼼꼼하게 잘 봐주십니다. 다이어트로 유명한 곳이니만큼 원장님께서 현재 몸상태와 비만의 원인 문제점등을 세세히 집어주시... 더보기', '좋아요': '0'}]","{'금': '10:00 ~ 20:00', '토': '휴무일', '일': '휴무일', '월': '10:00 ~ 20:00', '화': '10:00 ~ 20:00', '수': '10:00 ~ 20:00', '목': '10:00 ~ 20:00', '휴무일': '공휴일'}"
더블유황외과의원,5.0,종로구 종로 69,,"[{'작성자': '상상용', '별점': '5.0', '날짜': '2024.04.03.', '내용': '의사선생님 굉장히 전문적이시고 \n친절하십니다 잘 치료받고 나왔습니다 \n직원 간호사분들은 조금만 친절하셨으면좋겠습니다', '좋아요': '0'}]",{}
본라인한의원,5.0,종로구 청계천로 73 3층,//img1.kakaocdn.net/cthumb/local/C544x408.q50/?fname=http%3A%2F%2Ft1.kakaocdn.net%2Fmystore%2F9EDEA4714AF742F4AEBE6B9256DDB680,"[{'작성자': '오로라', '별점': '5.0', '날짜': '2024.09.13.', '내용': '추나치료 여러군데 다녀 봤지만 완전 전문적으로 해주시네요  거의 도수 플러스 추나\n침도 완전 효과 좋구요', '좋아요': '0'}, {'작성자': '지니', '별점': '5.0', '날짜': '2023.11.21.', '내용': '되게 친절하시고 시설도 좋아요\n추나는 처음 받아봤는데 설명이 구체적이라 신뢰가 갑니다.... 더보기', '좋아요': '2'}, {'작성자': '파운드케키', '별점': '5.0', '날짜': '2023.08.25.', '내용': '근래 허리 통증으로 고생을 했는데 약침이랑 침 맞고 추나 치료까지 받으니 허리가 한결 가벼워졌어요!! 제 증상이 왜 나타나는지, 원장님이 어떤 치... 더보기', '좋아요': '0'}]",{'휴무일': '공휴일'}
경희스마일한의원,4.7,종로구 종로12길 23 포인트23빌딩 8층,//img1.kakaocdn.net/cthumb/local/C544x408.q50/?fname=http%3A%2F%2Ft1.kakaocdn.net%2Fmystore%2FA51E6F89B9474171A5FC4840DD9DC2BE,"[{'작성자': '🌌🎆🎇🌊', '별점': '5.0', '날짜': '2023.09.05.', '내용': '마우스를 과하게 오래 쓰다보니 팔목부터 팔꿈치까지 당기듯이 아파서 가게됐는데요 한달정도 고생하다가 가서 4번 치료받았고 지금은 일하는데 전혀 문제가 없고 팔이 훨씬 가벼워졌어요 선생님들 모두 너무 친절하... 더보기', '좋아요': '0'}, {'작성자': 'NHK', '별점': '5.0', '날짜': '2023.06.16.', '내용': '갑자기 어깨에 담이 걸려서 진료를 받았는데, 침, 부황, 뜸 치료받고나니까 금방 ... 더보기', '좋아요': '0'}, {'작성자': '서울러', '별점': '5.0', '날짜': '2022.06.22.', '내용': '아픈자여 이곳으로 가라\n사실상 한의원 종결', '좋아요': '0'}]","{'금': '10:00 ~ 20:00', '토': '10:00 ~ 13:00', '일': '휴무일', '월': '10:00 ~ 20:00', '화': '10:00 ~ 20:00', '수': '10:00 ~ 20:00', '목': '10:00 ~ 20:00', '휴무일': '공휴일'}"
강화당한의원,0.0,종로구 윤보선길 26 2층,//img1.kakaocdn.net/cthumb/local/C544x408.q50/?fname=http%3A%2F%2Ft1.kakaocdn.net%2Ffiy_reboot%2Fplace%2F6E95FC5179A14D8DA3EDF4BF9D7522D5,"[{'작성자': '', '별점': '', '날짜': '', '내용': ' ', '좋아요': '0'}]","{'금': '10:00 ~ 18:00', '토': '10:00 ~ 13:00', '일': '휴무일', '월': '10:00 ~ 18:00', '화': '10:00 ~ 18:00', '수': '10:00 ~ 18:00', '목': '10:00 ~ 18:00', '휴무일': '매주 일요일'}"
성치과,0.0,종로구 종로 144,,"[{'작성자': '', '별점': '', '날짜': '', '내용': ' ', '좋아요': '0'}]",{}
늘고운한의원,5.0,종로구 북촌로 22 1층,,"[{'작성자': '이주형', '별점': '5.0', '날짜': '2023.12.28.', '내용': '북촌의 꽃중년', '좋아요': '0'}, {'작성자': 'sqzplay', '별점': '5.0', '날짜': '2023.03.11.', '내용': '북촌의 화타', '좋아요': '0'}]","{'금': '10:00 ~ 18:30', '토': '10:00 ~ 16:00', '일': '휴무일', '월': '휴무일', '화': '10:00 ~ 18:00', '수': '10:00 ~ 18:30', '목': '10:00 ~ 18:30', '휴무일': '매주 월요일, 일요일'}"
서울대학교병원,2.4,종로구 대학로 101,//img1.kakaocdn.net/cthumb/local/C544x408.q50/?fname=http%3A%2F%2Ft1.daumcdn.net%2Flocal%2FkakaomapPhoto%2Freview%2Fc68b243d051453489c0c7929b30cc43ee8269e7e%3Foriginal,"[{'작성자': 'J', '별점': '1.0', '날짜': '2025.03.24.', '내용': '오늘자로 하나만 덧붙일게요\n어딘지 특정하지는 않겟지만, 간호사 전화응대가 왜이렇게 불쾌하죠?\n서비스업이니 이딴... 더보기', '좋아요': '7'}, {'작성자': '함스터', '별점': '1.0', '날짜': '2025.02.25.', '내용': '통증아파죽겠는데 왜인지도 진료도 검사도 교통사고 crps확실한거 아니면 안받아준다는 규칙(?)있다는 헛걸음 규칙있는 노답인 벙원;;; 의사 대세다;', '좋아요': '0'}, {'작성자': '금나비', '별점': '4.0', '날짜': '2025.02.19.', '내용': '의지하게 되는 믿음이 제일 큰 병원 이기에 불편하거나 어려운점들은 이해하고 맞취 나간다는 생각은 가지고 있다.', '좋아요': '3'}]","{'금': '09:00 ~ 18:00', '토': '09:00 ~ 13:00', '일': '휴무일', '월': '09:00 ~ 18:00', '화': '09:00 ~ 18:00', '수': '09:00 ~ 18:00', '목': '09:00 ~ 18:00', '휴무일': '공휴일'}"
송달옥비뇨기과의원,5.0,종로구 종로7길 47 3층,,"[{'작성자': '에이컨', '별점': '5.0', '날짜': '2023.12.29.', '내용': '처음 가봤는데, 친절하시고, 설명 잘해주십니다.', '좋아요': '0'}, {'작성자': '이은선', '별점': '5.0', '날짜': '2022.06.19.', '내용': '너무 친절하시고 \n약도 알맞게 주시네요 \n감사합니다', '좋아요': '0'}]","{'금': '10:00 ~ 17:00', '토': '휴무일', '일': '휴무일', '월': '10:00 ~ 17:00', '화': '10:00 ~ 17:00', '수': '10:00 ~ 17:00', '목': '10:00 ~ 17:00', '휴무일': '매주 토요일, 일요일'}"
서울대학교병원 암병원,2.1,종로구 대학로 101,//img1.kakaocdn.net/cthumb/local/C544x408.q50/?fname=https%3A%2F%2Fpostfiles.pstatic.net%2FMjAyNDEwMzFfNTEg%2FMDAxNzMwMzYwNjkwNjUz.RttmUm3tdSzD7Q9rCeA0OmsN4kN46fiuWJYI5ljgISog.ecCF-AfpO5v2V5bqSU9wuToaE0TD76XyD0XOdZ8ooyYg.PNG%2F%25EC%2582%25AC%25EC%25A7%25842.png%3Ftype%3Dw773,"[{'작성자': '미식가나양', '별점': '1.0', '날짜': '2025.03.18.', '내용': '환자가 죽든말든 상관없고 다음 진료일 전에 약이 다 떨어질 것 같다고 문의했더니, 뭐가 중요한 약인지는 환자 본인이 알아서 판단해서 약을 먹던지 말던지 알라서하라는... 더보기', '좋아요': '0'}, {'작성자': '몽몽', '별점': '1.0', '날짜': '2025.01.06.', '내용': '암병원 바로 앞 길에서 병원 직원들 담배핌 진짜 꼴보기 싫음', '좋아요': '0'}, {'작성자': '맛보기', '별점': '1.0', '날짜': '2024.08.23.', '내용': '의사들... 시키는대로 했는데 환자탓하고 나중엔 딴소리. 병 다 모르고, 다 못거치는거 아니까 최소한 믿고 따른 환자에겐 미안하다거나 안타깝게됐다는 한마디도 못하는지. 회피만하고 다른 과 가보란 말만하는게 더 속상함.', '좋아요': '1'}]",{}
종로위브의원,3.9,종로구 삼봉로 81 두산위브파빌리온 2층 205호,//img1.kakaocdn.net/cthumb/local/C544x408.q50/?fname=https%3A%2F%2Fpostfiles.pstatic.net%2FMjAyNDAxMDRfODMg%2FMDAxNzA0MzU1MTU4OTA2.Wt2r7shYp9Bd75Vh9GMblofTfuGeJ6HAe70s4f1EBNog._2n92izbTAs7Uoz7OC5phxdzQGNLLXTMgFdAFaJvxSgg.JPEG.sunnymj0416%2FKakaoTalk_20240104_165215649.jpg%3Ftype%3Dw966,"[{'작성자': '김', '별점': '5.0', '날짜': '2025.01.08.', '내용': '넘친절하셔용', '좋아요': '0'}, {'작성자': '@-@', '별점': '5.0', '날짜': '2024.05.16.', '내용': '요즘 몸이 너무 안좋아서 수액 맞으러 왔는데\n의사선생님은 제 증상 잘들어주시고, 간호사선생님은 너무너무 친절하셨어요 ㅠㅠ\n덕분에 몸이 많이 좋아진 것 같습니다!', '좋아요': '0'}, {'작성자': 'ss', '별점': '5.0', '날짜': '2024.02.23.', '내용': '흑흨 진짜친절하심ㅠㅠ', '좋아요': '0'}]","{'금': '08:30 ~ 18:30', '토': '휴무일', '일': '휴무일', '월': '08:30 ~ 18:30', '화': '08:30 ~ 18:30', '수': '08:30 ~ 18:30', '목': '08:30 ~ 18:30', '휴무일': '공휴일'}"
성철제치과의원,0.0,종로구 종로 144-1,,"[{'작성자': '', '별점': '', '날짜': '', '내용': ' ', '좋아요': '0'}]","{'금': '10:00 ~ 17:00', '월': '10:00 ~ 17:00', '화': '10:00 ~ 17:00', '수': '10:00 ~ 17:00', '목': '10:00 ~ 17:00'}"
서울미유치과,4.9,종로구 종로12길 23 포인트23빌딩 6층,//img1.kakaocdn.net/cthumb/local/C544x408.q50/?fname=http%3A%2F%2Ft1.kakaocdn.net%2Fmystore%2FF95676551EB14356BCCAA510CAAABAC5,"[{'작성자': 'S2', '별점': '5.0', '날짜': '2025.01.21.', '내용': '치수염때문에 방문했는데 치과 3곳에서 못찾아낸 원인을 찾아내주셨어요 주변에서 손꼽히는 최고 겁쟁이인데도 신경치료 하나도 안 아프게 해주셨습니다.... 진짜... 더보기', '좋아요': '0'}, {'작성자': '밋밋밋', '별점': '5.0', '날짜': '2024.11.15.', '내용': '사랑니 뽑아야 된다는 거 알았을 때부터 \n겁이 너무 많아서 불안하고\n심장이 너무 뛰었는데 \n마취주사부터 뽑고 난 뒤... 더보기', '좋아요': '0'}, {'작성자': 'ag', '별점': '5.0', '날짜': '2024.11.08.', '내용': '역대급 병원입니다\n30년 인생 이런 치과 처음입니다\n원장님 너~~~~~무 친절하시고 세... 더보기', '좋아요': '0'}]","{'금': '10:00 ~ 18:30', '토': '10:00 ~ 14:00', '일': '휴무일', '월': '10:00 ~ 18:30', '화': '10:00 ~ 18:30', '수': '10:00 ~ 18:30', '목': '10:00 ~ 18:30', '휴무일': '공휴일'}"
서울도담치과의원,3.9,종로구 종로14길 32 4층,,"[{'작성자': '여호수아', '별점': '5.0', '날짜': '2023.08.08.', '내용': '일단 안아프게 치과치료를 해서\n부담이 없고 실력적으로도 훌륭한데다\n일하는 모든 직원들이 ... 더보기', '좋아요': '0'}, {'작성자': '.', '별점': '5.0', '날짜': '2023.02.15.', '내용': '이곳에서 18년째 치료, 관리 중.....감사합니다,  도원장님.....', '좋아요': '0'}, {'작성자': '송해영_HYSong', '별점': '1.0', '날짜': '2021.08.07.', '내용': '지인 소개로 오래기다려서 이용하게 되었는데 친절하고 잘하는 것 같은데 무언가 투명하지 않은 느낌. 간단한 스케일링 받으러 가도 추가적으로 예약이 계속됨. 필요한 치료일 수 있으나  치료에 대한 설명이 잘... 더보기', '좋아요': '0'}]","{'금': '09:30 ~ 18:00', '토': '09:30 ~ 13:30', '월': '09:30 ~ 18:00', '화': '09:30 ~ 18:00', '수': '09:30 ~ 18:00', '목': '09:30 ~ 18:00'}"
자비손한의원,5.0,종로구 계동2길 9,//img1.kakaocdn.net/cthumb/local/C544x408.q50/?fname=http%3A%2F%2Ft1.daumcdn.net%2Flocalfiy%2FA362F036BB9740EA8CF4A1D9CC3D8FF2,"[{'작성자': '아르마다', '별점': '5.0', '날짜': '2023.06.21.', '내용': '몸이 뻐근하고 결릴 때 방문하면 잘 해결해 줍니다', '좋아요': '0'}]","{'금': '09:30 ~ 18:00', '토': '09:30 ~ 12:30', '일': '휴무일', '월': '09:30 ~ 18:00', '화': '09:30 ~ 18:00', '수': '09:30 ~ 18:00', '목': '09:30 ~ 18:00', '휴무일': '공휴일'}"
안녕한의원,5.0,종로구 삼봉로 95 종로1가대성스카이렉스 3층 306호,//img1.kakaocdn.net/cthumb/local/C544x408.q50/?fname=http%3A%2F%2Ft1.daumcdn.net%2Flocalfiy%2Fsearchregister_551031861,"[{'작성자': '고바마', '별점': '5.0', '날짜': '2024.11.11.', '내용': '깔끔한 시설에 젊은 원장님이 운영하는 한의원입니다. 간호사분도 친절하고 한의사 선생님도 친절하고 자세하게 설명도 잘해 주십니다. 이 곳은 독특하게 안마의자에 앉아서 침... 더보기', '좋아요': '0'}, {'작성자': 'y', '별점': '5.0', '날짜': '2022.12.17.', '내용': '환자가 치료 받는 환경까지 다각도로 세심하게 고려한 흔적과 정성이 느껴지는 한의원. 의사선생님이 공부도 많이 하시는 것 같고 치료에 매우 진심이신 게 느껴져요. 허리가 너무 아파서 급하게 ... 더보기', '좋아요': '0'}, {'작성자': '환규', '별점': '5.0', '날짜': '2022.11.16.', '내용': '며칠 허리아파서 고생했는데 진짜 깜짝 놀랄만큼 금방 좋아졌습니다\n시설도 깨끗하고 추천합니다', '좋아요': '0'}]","{'금': '10:00 ~ 20:00', '토': '10:00 ~ 14:00', '월': '10:00 ~ 20:00', '화': '10:00 ~ 20:00', '수': '10:00 ~ 14:00', '목': '10:00 ~ 20:00'}"
안국의원,5.0,종로구 윤보선길 48,,"[{'작성자': '김정일', '별점': '5.0', '날짜': '2025.03.10.', '내용': '눈에 염증이 있어 방문했는데 정확히 필요부분을  찾아 고름을 제거하고 해결해 주셨어요.\n믿음이 갑... 더보기', '좋아요': '0'}, {'작성자': 'KDK', '별점': '5.0', '날짜': '2025.02.06.', '내용': '건물과 인테리어가 깔끔하고 선생님이 친절하십니다.', '좋아요': '0'}]","{'금': '09:30 ~ 18:00', '토': '09:30 ~ 13:00', '일': '휴무일', '월': '09:30 ~ 18:00', '화': '09:30 ~ 18:00', '수': '09:30 ~ 13:00', '목': '09:30 ~ 18:00', '휴무일': '매주 일요일'}"
공안과의원,2.5,종로구 종로 19,//img1.kakaocdn.net/cthumb/local/C544x408.q50/?fname=https%3A%2F%2Fpostfiles.pstatic.net%2FMjAyNDAxMTJfNjkg%2FMDAxNzA1MDQ0NzYyMjkz.18c5obMJOEIRyTCqTpKzdd9fHdJHoFK9eS1T1rH-zr4g.disJEoFAab2Cru_XFiIiA0puMylTL4s9fH-RJPC6Fhcg.JPEG.exodus0119%2FSE-da730976-359c-4a56-bc2f-b0a07f87522c.jpg%3Ftype%3Dw580,"[{'작성자': '다시안가려고쓰는후기', '별점': '1.0', '날짜': '2025.03.10.', '내용': '1번방 윤** 남의사\n다래끼가 심해서 눈도 못뜨는데 안째줌\n절개 안해주냐니까 더심해지면 짼다는 말만 반복\n쳐다... 더보기', '좋아요': '0'}, {'작성자': 'Sirius', '별점': '5.0', '날짜': '2025.03.07.', '내용': '10년째 여기서 하드렌즈 맞추고 있는데 너무 만족합니다. 하드렌즈 담당하시는 검안실 선생님 때문에 안과 진료도 여기서 받고 있어요. 예약 없이는 오래 기다릴 수 있으니 예약은 꼭 하시길 추천드려요.', '좋아요': '0'}, {'작성자': '저스틴99', '별점': '1.0', '날짜': '2024.12.20.', '내용': '접수하는 직원 너무 불친절해요\n도대체 서비스정신이 점혀 없어요\n아주 불쾌해요', '좋아요': '0'}]","{'금': '09:00 ~ 18:00', '토': '09:00 ~ 13:00', '일': '휴무일', '월': '09:00 ~ 18:00', '화': '09:00 ~ 18:00', '수': '09:00 ~ 18:00', '목': '09:00 ~ 18:00', '휴무일': '매주 일요일'}"
하늘마음한의원 을지로점,4.3,중구 을지로 109 칠보빌딩 3층,//img1.kakaocdn.net/cthumb/local/C544x408.q50/?fname=https%3A%2F%2Ft1.daumcdn.net%2Fcfile%2F2712FA3A58A3BABE0E,"[{'작성자': '서형준', '별점': '3.0', '날짜': '2025.02.12.', '내용': '수요일 휴진입니다.\n카맵이 일을 안한건지 업데이트가 안된건지...ㄱ-', '좋아요': '0'}, {'작성자': '냥냥쿵', '별점': '4.0', '날짜': '2025.01.23.', '내용': '친절하시고 설명을 잘 해주십니다', '좋아요': '0'}, {'작성자': '오리짱최고', '별점': '5.0', '날짜': '2023.07.21.', '내용': '친절함 \n침을 안 아프게 놔주심', '좋아요': '0'}]","{'금': '10:00 ~ 19:30', '토': '10:00 ~ 14:00', '일': '휴무일', '월': '10:00 ~ 19:30', '화': '10:00 ~ 21:00', '수': '10:00 ~ 19:30', '목': '10:00 ~ 21:00', '휴무일': '공휴일'}"
최재성치과의원,0.0,종로구 삼봉로 95 대성스카이렉스 301호,,"[{'작성자': '', '별점': '', '날짜': '', '내용': ' ', '좋아요': '0'}]","{'금': '09:30 ~ 18:30', '토': '09:30 ~ 13:00', '일': '휴무일', '월': '09:30 ~ 18:30', '화': '09:30 ~ 18:30', '수': '09:30 ~ 13:00', '목': '09:30 ~ 18:30', '휴무일': '공휴일'}"
참빛치과의원,5.0,종로구 우정국로 69,,"[{'작성자': '', '별점': '', '날짜': '', '내용': ' ', '좋아요': '0'}]","{'금': '09:30 ~ 18:30', '토': '09:30 ~ 14:00', '월': '09:30 ~ 18:30', '화': '09:30 ~ 18:30', '목': '09:30 ~ 18:30'}"
종로 맥스웰피부과의원,,종로구 종로 33 그랑서울1타워 6층,//img1.kakaocdn.net/cthumb/local/C544x408.q50/?fname=http%3A%2F%2Ft1.kakaocdn.net%2Ffiy_reboot%2Fplace%2FA34CEF7E885A489DB664BBFE71A1C039,"[{'작성자': '', '별점': '', '날짜': '', '내용': ' ', '좋아요': '0'}]","{'금': '10:00 ~ 19:00', '토': '09:00 ~ 14:00', '일': '휴무일', '월': '10:00 ~ 19:00', '화': '10:00 ~ 19:00', '수': '10:00 ~ 19:00', '목': '10:00 ~ 19:00', '휴무일': '매주 일요일'}"
서울대학교치과병원,2.8,종로구 대학로 101,//img1.kakaocdn.net/cthumb/local/C544x408.q50/?fname=https%3A%2F%2Fpostfiles.pstatic.net%2FMjAyNDEyMTNfMTk4%2FMDAxNzM0MDQ4OTc3MTAw.1VDrzpE7bd_xECgarYTP6xGKqLXX6S8ZdXZZXYkb1vsg.KjCi3noM-__mNU5ybt7UnUOXljXIm4YB6-ctNpwy8Jwg.JPEG%2FIMG_5081.jpg%3Ftype%3Dw773,"[{'작성자': '..', '별점': '1.0', '날짜': '2025.03.01.', '내용': '평일에 못간다니까 토요일에 오면 된다고 이번주 토요일에 오시라고 얘기한 통화연결하신분. \n\n오늘 토요일인데 삼일절이라 응급진료만 본다... 더보기', '좋아요': '1'}, {'작성자': '맑음', '별점': '1.0', '날짜': '2025.01.08.', '내용': '서울대병원이라서 믿고 가봤는데  생각보다 별로네요.', '좋아요': '0'}, {'작성자': '.', '별점': '1.0', '날짜': '2025.01.01.', '내용': '교수 특진으로 했는데 레지던트가 90%진행하고 교합에 불편감이 있어 마무리는 교수 불러달라하면 예민한 환자 취급하고 교수는 대충 보고 결국 레지던트가 ... 더보기', '좋아요': '2'}]","{'금': '09:00 ~ 16:00', '토': '09:00 ~ 11:00', '일': '휴무일', '월': '09:00 ~ 16:00', '화': '09:00 ~ 16:00', '수': '09:00 ~ 16:00', '목': '09:00 ~ 16:00', '휴무일': '매주 일요일'}"
코코이비인후과의원,,종로구 종로 205 2층,//img1.kakaocdn.net/cthumb/local/C544x408.q50/?fname=https%3A%2F%2Fpostfiles.pstatic.net%2FMjAyNDEyMTdfMjUg%2FMDAxNzM0NDA2MjEyOTgx.SmEb2SHgE-gs7i1c-Tn9qrVOVjp5zLscVKL1cahRgWcg.rxIRMgFGOKN34MgFzedjakngPQ6W2M2zYZJXZIs-Shkg.JPEG%2FIMG_1452.jpg%3Ftype%3Dw580,"[{'작성자': '', '별점': '', '날짜': '', '내용': ' ', '좋아요': '0'}]","{'금': '09:00 ~ 19:00', '토': '09:00 ~ 18:00', '일': '09:00 ~ 18:00', '월': '09:00 ~ 19:00', '화': '09:00 ~ 19:00', '수': '09:00 ~ 19:00', '목': '09:00 ~ 19:00', '휴무일': '추석전날, 추석당일, 추석다음날, 설전날, 설당일, 설다음날, 1월1일'}"
보람연합의원,,종로구 종로 201-1,//img1.kakaocdn.net/cthumb/local/C544x408.q50/?fname=https%3A%2F%2Fpostfiles.pstatic.net%2FMjAyMzAxMjJfMTg5%2FMDAxNjc0MzYzMjE0NzA1.LAOwinhHYSj05v0G2xoK9w-kR_7DG2dvul7VbBl71OAg.Cd6kus7EGy6tieLQkFqmBDfjrKdmupsPC7Ly2c5RtdEg.JPEG.b1nea%2FIMG_2321.jpg%3Ftype%3Dw773,"[{'작성자': '', '별점': '', '날짜': '', '내용': ' ', '좋아요': '0'}]","{'금': '09:00 ~ 18:40', '토': '휴무일', '일': '휴무일', '월': '09:00 ~ 18:40', '화': '09:00 ~ 18:40', '수': '09:00 ~ 18:40', '목': '09:00 ~ 18:40', '휴무일': '공휴일'}"
센터원지앤이내과의원,4.4,중구 을지로5길 26 미래에셋 센터원 지하1층 외부 계단 옆,//img1.kakaocdn.net/cthumb/local/C544x408.q50/?fname=https%3A%2F%2Fstorep-phinf.pstatic.net%2Fogq_5f16947276e59%2Foriginal_1.png%3Ftype%3Dp100_100,"[{'작성자': '최종현.Gio=Joy', '별점': '5.0', '날짜': '2025.03.28.', '내용': '3가지 진료를 동시에 했으나, 잘 처방해주심. 그러나 많은 대기인원이 있어 타이밍을 잘 맞춰가야함(빠르게 빠지는 편). AC처방해주셔서 감사합니다😘', '좋아요': '0'}, {'작성자': '최성훈', '별점': '5.0', '날짜': '2025.03.05.', '내용': '식사 후 혈당이 너무 많이 올라서 병원에서 검사를 받았는데 꼼꼼히 봐주셨어요.\n집에서 펩티드요법을 하면서 혈당을 관리하니 점점 정상 범위로 돌아오고 있어요. 감사합니다.', '좋아요': '0'}, {'작성자': '이런이런', '별점': '1.0', '날짜': '2025.02.25.', '내용': '피검사했는데 의사선생님 너무너무 불친절해요..\n병 치료하러 병원갔는데 화병얻어서 올 판이에요.. 다른 병원 가시길..ㅠ 극심한 스트레스입니다 증말', '좋아요': '0'}]","{'금': '09:00 ~ 18:00', '토': '휴무일', '일': '휴무일', '월': '09:00 ~ 18:00', '화': '09:00 ~ 18:00', '수': '09:00 ~ 18:00', '목': '09:00 ~ 18:00', '휴무일': '공휴일'}"
종로베스트의원,4.9,종로구 종로 192 2층,//img1.kakaocdn.net/cthumb/local/C544x408.q50/?fname=http%3A%2F%2Ft1.daumcdn.net%2Flocal%2FkakaomapPhoto%2Freview%2F261fa89722baab0e9c878d712df3b99280f26cdd%3Foriginal,"[{'작성자': '일등신랑감', '별점': '5.0', '날짜': '2025.01.17.', '내용': '오늘 문닫아서 어쩔수없이 코코로 갔는데..\n처방 약값 해서 10프로정도 더 나오네요~\n베스트의원이 최고네요^^', '좋아요': '0'}, {'작성자': '빵글이 김진수', '별점': '5.0', '날짜': '2024.09.11.', '내용': '가격만 저렴한게 아니라.. 상당한 전문성을 가지고 있습니다. \n탈모약처방+내분비계 진찰 받았은데..  강남에서 수많은 의원을 다녀봐도 잘 모르는 전문지식을 가지고 계시네요~~', '좋아요': '0'}, {'작성자': '민소민재', '별점': '5.0', '날짜': '2024.09.03.', '내용': '근처의 사무적으로 대하던 의원보다 가격도 저렴하고, 훨씬 더 친절하시고, 이런 저런 얘기도 많이 해 주시네요....  다음 부터는 여기로 갈 겁니다.    1,000% 만족합니다.', '좋아요': '0'}]","{'금': '08:00 ~ 16:50', '토': '08:00 ~ 11:30', '월': '08:00 ~ 16:50', '화': '08:00 ~ 16:50', '수': '08:00 ~ 16:50', '목': '08:00 ~ 11:50'}"
연세로의료의원,3.8,"종로구 삼봉로 57 호수빌딩 3-4,7층",//img1.kakaocdn.net/cthumb/local/C544x408.q50/?fname=http%3A%2F%2Ft1.kakaocdn.net%2Fmystore%2FE38DA119971649949133FBD4A489E0D1,"[{'작성자': '자용', '별점': '5.0', '날짜': '2025.03.13.', '내용': '피부과 데스크에 직원분이 엄청 친절하시고 계속 아기처럼 생글생글 웃으면서 응대해주시는데 기분이 다 좋아져요. 명찰을 제대로 못봤는데 직원분 성함 김ㅇㅇ.. 시술도 잘 받고 갑니다~!', '좋아요': '0'}, {'작성자': '.', '별점': '1.0', '날짜': '2025.02.26.', '내용': '최악이에요. 예약하고 갔는데 두시간 기다렸어요 ㅎㅎ\n얼마나 더 기다려야 하냐고 여쭤봐도 15분 기다려달라고 합니다 근데 무한 연장돼요ㅎㅎ 환자 시간은 시간이 아닌건가요?', '좋아요': '0'}, {'작성자': 'ㅎ', '별점': '1.0', '날짜': '2025.01.06.', '내용': '콧물제거도 안해주시고 귀지제거도 해달라니까 외이도염 걸린다고 안해주시고 그냥 보내시길래 주사라도 놔달라고 하니까 많이 힘드녜서 일해야돼서 맞아야된다니까 놔주신다하네요 힘드니까 대기까지 뚫... 더보기', '좋아요': '0'}]","{'금': '09:00 ~ 19:00', '토': '09:00 ~ 13:00', '일': '09:00 ~ 13:00', '월': '09:00 ~ 19:00', '화': '09:00 ~ 19:00', '수': '09:00 ~ 19:00', '목': '09:00 ~ 19:00', '휴무일': '공휴일'}"
연세마이덴치과의원,4.2,종로구 종로5길 13 삼공빌딩 5층,//img1.kakaocdn.net/cthumb/local/C544x408.q50/?fname=http%3A%2F%2Ft1.kakaocdn.net%2Fmystore%2FF01732B87999478C829163F654C9E316,"[{'작성자': '됴니땡구', '별점': '5.0', '날짜': '2024.10.18.', '내용': '유튜브 보고 멀지만 방문했어요. 다른 병원들 다 뽑고 임플란트 하자는데 지푸라기 잡는 심정으로ㅠ 다행히 원장님께서 이빨 살려보자고 하셔서 재신경치료하고 반년째 짱짱하게 잘쓰고 있어요!!... 더보기', '좋아요': '0'}, {'작성자': 'DT', '별점': '5.0', '날짜': '2024.02.05.', '내용': '보존치료는 여기가 갑입니다. 원장님 예약하세요. (재)신경치료 십수년간 세곳 이상에서 했고 대학병원도 가보았는데, 정확히 진단해서 신속하고 안아프게 잘 해주십니다. 진작 할걸… 무서워서 미룬 시간이 아까울 정도에요!', '좋아요': '0'}, {'작성자': 'dongul21', '별점': '5.0', '날짜': '2022.05.16.', '내용': '1년전 임플란트를 하였는데..\n대만족입니다.\n어떤 치아를 했는지 않했는지 모를 정... 더보기', '좋아요': '2'}]","{'금': '10:00 ~ 18:00', '토': '09:00 ~ 13:00', '일': '휴무일', '월': '10:00 ~ 20:30', '화': '10:00 ~ 20:30', '수': '10:00 ~ 20:30', '목': '휴무일', '휴무일': '공휴일'}"
지앤미치과의원 종로점,4.8,종로구 청계천로 67 종로1번가빌딩 3층,,"[{'작성자': '제아', '별점': '5.0', '날짜': '2023.07.10.', '내용': '6년간 이용하다가\n아이들도 치료를 시작했어요.\n친절하시고 정확하시고\n안... 더보기', '좋아요': '0'}, {'작성자': '남국현8753(스카루)', '별점': '4.0', '날짜': '2023.05.24.', '내용': '근데..원장님이 좀 자기혼자 말을 잘 하시는 편이에요.. \n좀 자기 멋이랄까 자.뻑에  취해서 치과하시는 분 입니다.. \n 그런 부분만 좀 고치시면..괜찮다고 봅니다', '좋아요': '0'}, {'작성자': 'tapa', '별점': '5.0', '날짜': '2022.04.25.', '내용': '7년간 이용하는 치과 친절하고 실력있어요~', '좋아요': '0'}]","{'금': '10:00 ~ 18:00', '토': '10:00 ~ 13:00', '일': '휴무일', '월': '10:00 ~ 18:00', '화': '10:00 ~ 18:00', '수': '10:00 ~ 18:00', '목': '10:00 ~ 18:00', '휴무일': '공휴일'}"
닥터포유 종로점,0.0,종로구 청계천로 71,,"[{'작성자': '', '별점': '', '날짜': '', '내용': ' ', '좋아요': '0'}]","{'금': '11:00 ~ 20:30', '토': '11:00 ~ 15:00', '월': '11:00 ~ 20:30', '화': '11:00 ~ 18:30', '수': '11:00 ~ 20:30', '목': '11:00 ~ 18:30'}"
궁플란트치과의원,5.0,종로구 삼봉로 95 대성스키이렉스 307호,,"[{'작성자': '엄수남', '별점': '5.0', '날짜': '2020.07.13.', '내용': '궁플란트 치과에서 나이 많은 어른에게 혜택을 많이 해준다는 생명나눔 실천회 월간지에서 광고를 봤다. 미리 전화를 하고 방문해서 이미 해놓은 틀니에 대해 진단받고 수리를 ... 더보기', '좋아요': '1'}]","{'금': '09:30 ~ 18:00', '토': '09:30 ~ 15:30', '월': '09:30 ~ 18:00', '화': '09:30 ~ 18:00', '수': '09:30 ~ 18:00', '목': '09:30 ~ 18:00'}"
SK에코플랜트&SK에코엔지니어링부속치과의원,5.0,종로구 율곡로2길 19 수송타워빌딩 2층,,"[{'작성자': '찐맛이거나 노맛일때 리뷰', '별점': '5.0', '날짜': '2022.04.22.', '내용': '최고최고최고입니다', '좋아요': '0'}]","{'금': '09:30 ~ 18:00', '토': '09:00 ~ 13:00', '일': '휴무일', '월': '09:30 ~ 18:00', '화': '09:30 ~ 18:00', '수': '09:30 ~ 18:00', '목': '09:30 ~ 18:00', '휴무일': '공휴일'}"
종로기대찬신경외과의원 본관,3.3,"종로구 종로5길 13 삼공빌딩 5,8층",//img1.kakaocdn.net/cthumb/local/C544x408.q50/?fname=https%3A%2F%2Fpostfiles.pstatic.net%2FMjAyMzA4MTVfODkg%2FMDAxNjkyMDU2MDUwODA5.fmy04PRX7Mt-S0cIKLw6VmrFjh4cyamVD2YyU5ZDeLwg.oFCTk0WxVHFM81RGf484GO5vJgqV4L-Y7FWGvvBn95Ag.JPEG.hauska25%2F20230803%25EF%25BC%25BF173636.jpg%3Ftype%3Dw386,"[{'작성자': 'ㅇㅇㅇ', '별점': '1.0', '날짜': '2025.03.27.', '내용': 'ct 찍지마세요. 화질구려서 다른병원에서 못쓴다고 다시 찍었어요. 그리고 수술도 못하는데 ct를 왜 찍나요? \n급하게 수술해야하는데 이 병원 때문에 이틀이란 시간이랑 돈만 버렸어요. \n... 더보기', '좋아요': '0'}, {'작성자': '끼얏호우', '별점': '1.0', '날짜': '2025.02.18.', '내용': '보기 드물 정도의 불친절함', '좋아요': '1'}, {'작성자': '.', '별점': '1.0', '날짜': '2024.09.15.', '내용': '여기 정형외과 아니래요.\n신경외과 전문이라고, 발등뼈 부러져서 갔는데 부목을 제대로 해줄 수 없다고 정형외과 찾아가라네요. ct 다 찍어놓고 어이가 없어서. 찍은 ct 파일 들고... 더보기', '좋아요': '4'}]","{'금': '09:30 ~ 19:00', '토': '09:00 ~ 14:00', '일': '휴무일', '월': '09:30 ~ 19:00', '화': '09:30 ~ 19:00', '수': '09:30 ~ 19:00', '목': '09:30 ~ 19:00', '휴무일': '공휴일'}"
서울대학교어린이병원,3.3,종로구 대학로 101,//img1.kakaocdn.net/cthumb/local/C544x408.q50/?fname=http%3A%2F%2Ft1.daumcdn.net%2Flocal%2FkakaomapPhoto%2Freview%2F5106730fa92a345d8d5107ce4ef5a4af44750834%3Foriginal,"[{'작성자': '다단', '별점': '1.0', '날짜': '2023.09.27.', '내용': '20년도 리뷰중에 불친절하다는 말이 있는데 3년이 지난 지금도 변한게 없네요\n제가 엄청난 대접 원하는것도 아... 더보기', '좋아요': '1'}, {'작성자': '혁제', '별점': '1.0', '날짜': '2023.08.15.', '내용': '의사는 부족하고 환자는 많고...\n그래서 불친절해지는거 어쩔수없다고 생각하지만\n그럼 의대정원 늘리는거 동의해주시던가요\n\n태어난지 얼마안된... 더보기', '좋아요': '4'}, {'작성자': 'tree', '별점': '5.0', '날짜': '2023.04.05.', '내용': '소아과 당직하셨단 안경쓰신 젊은 남자쌤 넘 친절하세요ㅠㅠ', '좋아요': '0'}]",{}
래인의원,5.0,"종로구 삼봉로 94 94빌딩 2층 205, 206호",//img1.kakaocdn.net/cthumb/local/C544x408.q50/?fname=http%3A%2F%2Ft1.kakaocdn.net%2Fmystore%2F6D3C743BA24F440D8BCF1F8D3FAA2637,"[{'작성자': '콩콩이', '별점': '5.0', '날짜': '2024.09.23.', '내용': '직원들 친절하고 원장님 실력도 좋아요. \n게다가 주차비 지원 완전 혜자', '좋아요': '0'}, {'작성자': '은지', '별점': '5.0', '날짜': '2024.08.17.', '내용': '2주전에 직장근처에 오픈이벤트 진행중인 병원이있어서 피부상담받으러 왔어요!  여름철이라 너무더워지기도 했고 모공이 더 넓어진거같아서 너무 스트레스 받았는데 쥬베룩이나 리... 더보기', '좋아요': '0'}]","{'금': '11:00 ~ 21:00', '토': '10:00 ~ 16:00', '일': '휴무일', '월': '11:00 ~ 20:00', '화': '11:00 ~ 20:00', '수': '휴무일', '목': '11:00 ~ 20:00', '휴무일': '공휴일'}"
서울우리원치과의원,,중구 청계천로 100 시그니쳐타워 2층,,"[{'작성자': '', '별점': '', '날짜': '', '내용': ' ', '좋아요': '0'}]","{'금': '08:30 ~ 18:30', '토': '08:30 ~ 15:00', '월': '08:30 ~ 18:30', '화': '08:30 ~ 18:30', '수': '08:30 ~ 18:30', '목': '08:30 ~ 18:30'}"
루비의원,,중구 명동길 65 보림빌딩 5층,//img1.kakaocdn.net/cthumb/local/C544x408.q50/?fname=https%3A%2F%2Fpostfiles.pstatic.net%2FMjAyNDEyMzFfMzgg%2FMDAxNzM1NjAwMDIxMDI2.mfErEUXOk0zpo04UaHw69qQwLz_lRNEL-l6nyDkzP_sg.k-j9klHwXgONxREENqioK2uH0_Qgt0pwuKOIdBSEsi4g.JPEG%2Fbatch_KakaoTalk_20221031_135200755_015.jpg%3Ftype%3Dw773,"[{'작성자': '', '별점': '', '날짜': '', '내용': ' ', '좋아요': '0'}]","{'금': '10:30 ~ 20:30', '토': '10:00 ~ 16:00', '일': '12:00 ~ 17:00', '월': '10:30 ~ 20:30', '화': '10:30 ~ 20:30', '수': '10:30 ~ 20:30', '목': '10:30 ~ 20:30'}"
보스톤치과의원,,종로구 청계천로 71 계원빌딩 7층 705호,//img1.kakaocdn.net/cthumb/local/C544x408.q50/?fname=https%3A%2F%2Fpostfiles.pstatic.net%2FMjAyNDEyMjBfNjAg%2FMDAxNzM0NjgxOTY5MzI0.AKeW0-O2AU4uEj4bEaAgywrU-El_LhsjiNbKVo66Qskg.0zre4LAh6qiJNqD58A3lFd7ct66CCMAWg00FGezgmkcg.PNG%2Fe5jheh.png%3Ftype%3Dw966,"[{'작성자': '', '별점': '', '날짜': '', '내용': ' ', '좋아요': '0'}]","{'금': '10:00 ~ 19:00', '토': '휴무일', '일': '휴무일', '월': '10:00 ~ 19:00', '화': '10:00 ~ 18:00', '수': '10:00 ~ 20:00', '목': '10:00 ~ 18:00', '휴무일': '공휴일'}"
관자재한의원,5.0,종로구 삼봉로 81 두산위브파빌리온 212호,//img1.kakaocdn.net/cthumb/local/C1104x408.q50/?fname=http%3A%2F%2Ft1.kakaocdn.net%2Ffiy_reboot%2Fplace%2FBD30A17F64254D6CB0869F8E41F880FC,"[{'작성자': '양양', '별점': '5.0', '날짜': '2023.03.28.', '내용': '무릎인대가 아파서 한의원  근처 찍어서 갔는데 침 맞고 나서 걷는데 안아파요 명의를 만났어요', '좋아요': '0'}]","{'금': '10:00 ~ 18:30', '토': '10:00 ~ 16:00', '월': '10:00 ~ 18:30', '화': '10:00 ~ 18:30', '수': '10:00 ~ 18:30', '목': '휴무일', '휴무일': '매주 목요일'}"
스템케이의원,0.0,종로구 우정국로 45-13 지하 1층,,"[{'작성자': '', '별점': '', '날짜': '', '내용': ' ', '좋아요': '0'}]",{}
을지로정형외과의원,4.3,중구 을지로 55 교원명동빌딩 4층,//img1.kakaocdn.net/cthumb/local/C544x408.q50/?fname=http%3A%2F%2Ft1.kakaocdn.net%2Fmystore%2FDD3CCD00E3DD43C2868551591DE2B592,"[{'작성자': '엉따켜줘', '별점': '5.0', '날짜': '2025.03.20.', '내용': '내성발톱을 어떻게 어디서 치료받아야 하나 고민하다가 후기 보고 찾아갔는데 잘 치료해 주셔서 솔직히 좀 감동이었어요 감사합니다!', '좋아요': '0'}, {'작성자': '김서준', '별점': '5.0', '날짜': '2025.03.18.', '내용': '어머니 오십견 증상 있으셔서 모시고 다녀왔습니다 친절하게 설명해주시고 어떤 치료를 왜 받는지 상세히 안내해주셔서 여기서 치료받으려고 합니다', '좋아요': '0'}, {'작성자': '후기잘안남기는데', '별점': '5.0', '날짜': '2025.02.04.', '내용': '의사선생님께서 증상에 대해 친절하게 잘 설명해주십니다.', '좋아요': '0'}]","{'금': '09:00 ~ 19:30', '토': '09:00 ~ 13:00', '일': '휴무일', '월': '09:00 ~ 19:30', '화': '09:00 ~ 19:30', '수': '09:00 ~ 19:30', '목': '09:00 ~ 19:30', '휴무일': '매주 일요일'}"
두리이비인후과의원,3.7,중구 을지로 100 파인에비뉴 B동 4층 401-1호,//img1.kakaocdn.net/cthumb/local/C544x408.q50/?fname=http%3A%2F%2Ft1.daumcdn.net%2Fcfile%2F2659B63A588D985435,"[{'작성자': '.', '별점': '1.0', '날짜': '2025.01.21.', '내용': '데스트에 여자 말투 짜증남 \n친절을 바라지도 않는데 왤케 짜증난 건지..? 환자 많아서 바쁜건 이해되는데 그걸 왜 환자한테 머라하는... 더보기', '좋아요': '0'}, {'작성자': '맛도리', '별점': '5.0', '날짜': '2025.01.13.', '내용': '약이 세서 그런지 효과가 좋음\n진단과 처방에 대해서 빠르고 명확하게 알려줌\n시간예약이 안되는게 아쉬움', '좋아요': '0'}, {'작성자': '제이콥', '별점': '5.0', '날짜': '2024.12.31.', '내용': '와 여기 사람들 많으니까\n1~2시간전에 접수하고 방분하세요~', '좋아요': '0'}]","{'금': '09:00 ~ 18:30', '토': '09:00 ~ 12:30', '일': '휴무일', '월': '09:00 ~ 18:30', '화': '09:00 ~ 18:30', '수': '09:00 ~ 18:30', '목': '09:00 ~ 18:30', '휴무일': '공휴일'}"
CNP차앤박피부과 명동점,,중구 명동8길 17 삼안빌딩 6층,//img1.kakaocdn.net/cthumb/local/C544x408.q50/?fname=http%3A%2F%2Ft1.daumcdn.net%2Flocalfiy%2FA95A9635FB184D8B9BB447992D42BF33,"[{'작성자': '', '별점': '', '날짜': '', '내용': ' ', '좋아요': '0'}]","{'금': '10:30 ~ 20:00', '토': '10:00 ~ 16:30', '일': '휴무일', '월': '10:30 ~ 20:00', '화': '10:30 ~ 20:00', '수': '10:30 ~ 20:00', '목': '10:30 ~ 20:00', '휴무일': '매주 일요일'}"
김정우치과의원,0.0,종로구 삼봉로 81 두산위브파빌리온 227호,,"[{'작성자': '', '별점': '', '날짜': '', '내용': ' ', '좋아요': '0'}]","{'금': '10:00 ~ 18:00', '토': '10:00 ~ 13:00', '월': '10:00 ~ 18:00', '화': '10:00 ~ 18:00', '수': '10:00 ~ 18:00', '목': '10:00 ~ 18:00'}"
연세그랑스마일치과의원,4.5,종로구 종로3길 24-20 3층,//img1.kakaocdn.net/cthumb/local/C544x408.q50/?fname=http%3A%2F%2Ft1.daumcdn.net%2Fcfile%2F246D9D3C531983D42D,"[{'작성자': 'sqzplay', '별점': '5.0', '날짜': '2025.03.04.', '내용': '선생님 스킬 경지에 이르신듯\n아주 깔끔하시고 신뢰감 짱\n종로에서 오래오래 해주세요', '좋아요': '0'}, {'작성자': 'Gtreu78', '별점': '1.0', '날짜': '2024.08.08.', '내용': '데스크 직원의 짜증 섞인 응대 때문에 적잖이 당황했네요. 서비스가 친절해야 업장이나 이용자 모두에게 도움이 되지 않을까요. 기분을 태도로 드러내는 직원분 때문에 안좋은 경험을 했네요', '좋아요': '0'}, {'작성자': '바로가기', '별점': '5.0', '날짜': '2024.06.17.', '내용': '여기 최고에요.', '좋아요': '0'}]","{'금': '10:00 ~ 19:00', '토': '휴무일', '일': '휴무일', '월': '10:00 ~ 21:00', '화': '10:00 ~ 21:00', '수': '10:00 ~ 21:00', '목': '10:00 ~ 21:00', '휴무일': '공휴일'}"
종로365의원,3.6,종로구 종로 211-1 소암빌딩 2층,//img1.kakaocdn.net/cthumb/local/C544x408.q50/?fname=https%3A%2F%2Fpostfiles.pstatic.net%2FMjAyNDEyMjRfODgg%2FMDAxNzM1MDIxMjQ0NjQ1.kG-UR__keYcXmbvK-ZKmAFYfAV52iuvcNQ8FAYAEKpMg.XXIjPc_u_buSp1fEgmlAtR0xgM26VStgICZEY08tJ9og.JPEG%2Fmosa03rvko_(0_1).jpg%3Ftype%3Dw386,"[{'작성자': '불주먹', '별점': '5.0', '날짜': '2025.03.21.', '내용': '저는 불친절한거 못느꼈어요. \n역에서 가깝고 깨끗해서 좋습니당', '좋아요': '0'}, {'작성자': '김승현', '별점': '5.0', '날짜': '2025.03.21.', '내용': '탈모성지 맞네요.\n1년치 1만원에 처방받고 미래약국에서\n가장저렴하게 탈모약 ... 더보기', '좋아요': '0'}, {'작성자': 'ㅡ', '별점': '1.0', '날짜': '2025.03.19.', '내용': '진짜불친절해요...돈더주시더라도 다른데가시길\n돈^^....', '좋아요': '0'}]","{'금': '09:00 ~ 21:00', '토': '10:00 ~ 18:00', '일': '10:00 ~ 17:00', '월': '09:00 ~ 21:00', '화': '09:00 ~ 18:00', '수': '09:00 ~ 21:00', '목': '09:00 ~ 18:00'}"
김용철마취통증의학과의원,,"종로구 창경궁로 234 3층, 4층",//img1.kakaocdn.net/cthumb/local/C544x408.q50/?fname=http%3A%2F%2Ft1.kakaocdn.net%2Fmystore%2F18B08115187643F0AD571AF950CAC400,"[{'작성자': '', '별점': '', '날짜': '', '내용': ' ', '좋아요': '0'}]","{'금': '09:00 ~ 18:00', '토': '09:00 ~ 13:30', '일': '휴무일', '월': '09:00 ~ 18:00', '화': '09:00 ~ 18:00', '수': '09:00 ~ 18:00', '목': '09:00 ~ 18:00', '휴무일': '공휴일'}"
연세늘정신건강의학과의원,,종로구 삼봉로 57 호수빌딩 9층,,"[{'작성자': '', '별점': '', '날짜': '', '내용': ' ', '좋아요': '0'}]","{'금': '10:00 ~ 19:30', '토': '09:30 ~ 13:30', '월': '10:00 ~ 19:30', '화': '10:00 ~ 19:30', '수': '10:00 ~ 19:30', '목': '10:00 ~ 19:30', '휴무일': '공휴일'}"
예림이비인후과,3.4,종로구 종로 33 그랑서울 3층 301~302호,//img1.kakaocdn.net/cthumb/local/C544x408.q50/?fname=http%3A%2F%2Ft1.daumcdn.net%2Flocal%2FkakaomapPhoto%2Freview%2Fe9e0f844cabbb3348f9156560eb5a6046cd8154e%3Foriginal,"[{'작성자': '냠냠이', '별점': '5.0', '날짜': '2024.11.22.', '내용': '⭐️현재 복용약, 식습관, 영양제류까지 살펴서 대안을 제시해주시고 설명해주시는 의사 선생님. \n⭐️환자권리장전의 ‘알권리’를 실천하시는 분. \n⭐️정말 큰... 더보기', '좋아요': '0'}, {'작성자': '캬옹', '별점': '5.0', '날짜': '2024.09.10.', '내용': '완전 강추합니다! 몇십년을 달고 살았던 식도염과 위염의 원인을 알게 됐어요😭 이렇게 친절하고 꼼꼼하게 설명해 주시는 병원은 처음입니다. 다시는 증상이 재발하지 않길 바라... 더보기', '좋아요': '0'}, {'작성자': 'J', '별점': '5.0', '날짜': '2024.09.04.', '내용': '친절하시기도 친절하시고 설명도 자세히 해주셨어요. 지금까지 다닌병원중에 가장 마음에 듭니다. 감사해요 쌤', '좋아요': '0'}]","{'금': '08:30 ~ 17:30', '토': '휴무일', '일': '휴무일', '월': '08:30 ~ 17:30', '화': '08:30 ~ 17:30', '수': '08:30 ~ 17:30', '목': '08:30 ~ 17:30', '휴무일': '공휴일'}"
백민의원,3.5,종로구 종로 33 그랑서울 타워2 4층,//img1.kakaocdn.net/cthumb/local/C544x408.q50/?fname=http%3A%2F%2Ft1.kakaocdn.net%2Ffiy_reboot%2Fplace%2FD7FF6F0F517E431C89EC6C2BACC5B2B8,"[{'작성자': '냠냠', '별점': '1.0', '날짜': '2023.11.23.', '내용': '진짜 대충봄..목아프다했는데 아예 보지도않고 그냥대충대충 어디아픈지 듣고 바로처방전ㅋㅋㅋㅋ그래서인지 하나도 안나음^^..편의점 감기약이 더 나은듯', '좋아요': '0'}, {'작성자': 'pom', '별점': '5.0', '날짜': '2023.11.21.', '내용': '리뷰 보고 안갈까 하다가 너무 아프고 가까운곳은 여기 뿐이라 어쩔 수 없이 갔어요. 근데 원장님도 간호사분들도 친절하고 꼼꼼하게 봐주셔서 너무 감사했습니다. 거기 위치가 좀 복잡해서 가는 길에 연락 드렸더니 친절... 더보기', '좋아요': '0'}, {'작성자': '심찬인', '별점': '1.0', '날짜': '2023.10.27.', '내용': '그냥 가면 기분안좋아집니다.\n원장실은 안가봤는데,\n진료실쌤은 인성도없고 처방해준약 효과도없고', '좋아요': '0'}]","{'금': '09:00 ~ 19:00', '토': '휴무일', '월': '09:00 ~ 19:00', '화': '09:00 ~ 19:00', '수': '09:00 ~ 19:00', '목': '09:00 ~ 19:00', '휴무일': '공휴일'}"
명동연세이비인후과의원,,중구 명동9가길 12 2~4층,//img1.kakaocdn.net/cthumb/local/C544x408.q50/?fname=https%3A%2F%2Fpostfiles.pstatic.net%2FMjAyNDA5MjBfMjk4%2FMDAxNzI2Nzk1ODk1OTMx.ZWq-vTMd6kaowo2pXwhJB2IQurN4gAjZOU-LANTHcDUg.R51WGBKVdu7MpL5YG6__S14f0OYgKnxlF-0bf9kXI8sg.JPEG%2F%25EC%259C%25A0%25EA%25B8%25B0%25ED%259B%2588.jpg%3Ftype%3Dw966,"[{'작성자': '', '별점': '', '날짜': '', '내용': ' ', '좋아요': '0'}]","{'금': '09:00 ~ 18:30', '토': '09:00 ~ 14:00', '일': '휴무일', '월': '09:00 ~ 18:30', '화': '09:00 ~ 20:00', '수': '09:00 ~ 18:30', '목': '09:00 ~ 20:00', '휴무일': '공휴일'}"
명동성모안과,3.2,중구 남대문로 92 한국전력 서울본부 별관 3층,//img1.kakaocdn.net/cthumb/local/C544x408.q50/?fname=https%3A%2F%2Fpostfiles.pstatic.net%2FMjAyMjEyMDNfMiAg%2FMDAxNjcwMDUwMzU2MTA4.k17_1p2XTsIAQBzSGT1CQZjxxBnnEgL9NKYMsoxLMMEg.qVkm_MtQ2NEgKBkb3kr78tWOFEWkfYM0t1qjBF16vMMg.JPEG.becolorful91%2F20221201%25EF%25BC%25BF115458.jpg%3Ftype%3Dw773,"[{'작성자': 'K', '별점': '1.0', '날짜': '2024.09.13.', '내용': '의사 한명만 진료중인거면 좀 적어놓으세요;; 네이버엔 4명 이래서 왔다가 대기를 무한으로함', '좋아요': '0'}, {'작성자': '빛나리', '별점': '5.0', '날짜': '2024.05.17.', '내용': '2024.5.16 왼쪽백내장수술\n          5.17일오른쪽백내장수술.성보모\n작고하신 신동호교수님(나보다... 더보기', '좋아요': '1'}, {'작성자': '복어', '별점': '5.0', '날짜': '2024.03.08.', '내용': '음 여기가 그래도 수술 후 부작용이 없었어요\n아는 지인분도 지금 거의 20년 되셨는데 시력 거의 비슷하십니다', '좋아요': '1'}]","{'금': '09:30 ~ 19:00', '토': '09:30 ~ 13:00', '일': '휴무일', '월': '09:30 ~ 18:00', '화': '09:30 ~ 19:00', '수': '09:30 ~ 18:00', '목': '09:30 ~ 18:00', '휴무일': '공휴일'}"
하나로치과의원,0.0,종로구 종로 33 그랑서울1타워 5층 503호,,"[{'작성자': '', '별점': '', '날짜': '', '내용': ' ', '좋아요': '0'}]","{'금': '09:00 ~ 17:00', '토': '09:00 ~ 13:00', '월': '09:00 ~ 17:00', '화': '09:00 ~ 13:00', '수': '09:00 ~ 17:00', '목': '09:00 ~ 16:00'}"
청남한의원,5.0,종로구 북촌로 39 2층,,"[{'작성자': '', '별점': '', '날짜': '', '내용': ' ', '좋아요': '0'}]","{'금': '09:00 ~ 19:00', '토': '09:00 ~ 15:00', '월': '09:00 ~ 19:00', '화': '09:00 ~ 19:00', '수': '09:00 ~ 19:00', '목': '09:00 ~ 19:00'}"
호기내과의원,4.3,중구 명동길 56 지성빌딩 5층,//img1.kakaocdn.net/cthumb/local/C544x408.q50/?fname=http%3A%2F%2Ft1.daumcdn.net%2Flocal%2FkakaomapPhoto%2Freview%2F6cca867ecbdc9d7b9a9f45d5dee17001b5d34768%3Foriginal,"[{'작성자': '김준서', '별점': '5.0', '날짜': '2025.02.28.', '내용': '식단을 바꿔도 혈당이 잘 조절되지 않아서 병원 다녀왔는데 검사 꼼꼼히 해주셨어요.\n집에서 펩티드요법을 꾸준히 하면서 관리하니 효과가 확실히 나타나네요. 감사합니다.', '좋아요': '0'}, {'작성자': '유건', '별점': '1.0', '날짜': '2025.02.27.', '내용': '원래 호흡기 내과는 다 이렇게 비싼가...? 무슨 알레르기 검사까지해서 195000원 나옴.. 사전에 필수인냥 설명해서 다 하긴 했는데 감기 후에 기침 안 나아서 간건데 수액까지 아주 호구됐네,,,', '좋아요': '0'}, {'작성자': '송재호', '별점': '5.0', '날짜': '2025.01.24.', '내용': '여기는 간호사분들이 친절해서 일단 좋아요ㅎㅎ\n여러가지 검사 받을 때도 말투가 다들 귀여우시고ㅋㅋ\n\n헛기침때문에 고생했는데... 더보기', '좋아요': '0'}]","{'금': '09:00 ~ 18:00', '토': '휴무일', '일': '휴무일', '월': '09:00 ~ 18:00', '화': '09:00 ~ 18:00', '수': '09:00 ~ 18:00', '목': '09:00 ~ 18:00', '휴무일': '공휴일'}"
광화문숲 정신건강의학과의원,,종로구 종로3길 34 삼송빌딩 6층 1호,//img1.kakaocdn.net/cthumb/local/C544x408.q50/?fname=http%3A%2F%2Ft1.daumcdn.net%2Flocalfiy%2FCDA8694696A642EAA6EAC8F7FF7DF930,"[{'작성자': '', '별점': '', '날짜': '', '내용': ' ', '좋아요': '0'}]","{'금': '10:00 ~ 20:00', '토': '09:00 ~ 13:00', '월': '10:00 ~ 20:00', '화': '10:00 ~ 20:00', '수': '10:00 ~ 20:00', '목': '10:00 ~ 20:00', '휴무일': '공휴일'}"
지인내과의원,3.5,"종로구 율곡로 202-7 제일빌딩 A,B동 3층",//img1.kakaocdn.net/cthumb/local/C544x408.q50/?fname=https%3A%2F%2Fpostfiles.pstatic.net%2FMjAyNDEyMjNfNDQg%2FMDAxNzM0OTEwOTU5Mzgw.yyxo9eczOkqIZml-JsTd_ZS-AuL_4D1rYJ_FNo6UrzMg.cDKiv1T1Ol1U8GaqslvBw4nUCki-UrSPW9xnDivWNoQg.JPEG%2FIMG_6510.jpg%3Ftype%3Dw386,"[{'작성자': '맛맛', '별점': '2.0', '날짜': '2025.01.15.', '내용': '친절은 하시나,\n증상을 말하기까지 전혀 기다려주시지않으십니다.', '좋아요': '0'}, {'작성자': 'strawberry fields', '별점': '5.0', '날짜': '2024.10.26.', '내용': '종로구 혜화동 12년 살면서 아플때마다 간 단골병원. 친절하고 잘 봐주셔요. 아프면 지인내과 생각부터 남ㅋㅋㅋㅠㅠ', '좋아요': '0'}, {'작성자': '옌리스', '별점': '5.0', '날짜': '2024.08.11.', '내용': '전에 내시경받았을때 그냥그래서 안 가다 위가 자꾸 아파서 다시 갔는데 잉? 윤용선 원장님 세상 친절하구 재밌구 좋았습니다ㅎㅎ\n과잉진료도 없구 내시경다시... 더보기', '좋아요': '0'}]","{'금': '08:30 ~ 17:30', '토': '08:30 ~ 13:00', '일': '휴무일', '월': '08:30 ~ 17:30', '화': '08:30 ~ 17:30', '수': '08:30 ~ 17:30', '목': '08:30 ~ 17:30', '휴무일': '공휴일'}"
성모랑정신건강의학과,5.0,중구 을지로5길 26 미래에셋 센터원 지하1층 B109호,//img1.kakaocdn.net/cthumb/local/C544x408.q50/?fname=http%3A%2F%2Ft1.kakaocdn.net%2Fmystore%2F5C03542B80EB4FD6BE05C63CC6286E13,"[{'작성자': '이지영', '별점': '5.0', '날짜': '2023.12.22.', '내용': '원래 후기 정말 안남기는 타입인데, 네이버랑 카카오톡 모두 남기고 싶을정도로 추천하는 곳입니다. 공덕에서부터 다녔고 원장님으로 개원하신 을지로까지 찾아뵐정도로 ... 더보기', '좋아요': '2'}, {'작성자': '아오리', '별점': '5.0', '날짜': '2023.12.13.', '내용': '이전 병원에서부터 원장님께 진료받기 시작했는데.. 개원하신다고 해서 따라왔어요. 다른병원은 약만주고 시간에 쫓기는 느낌이라 치료도 더딘 느낌이었는데..... 더보기', '좋아요': '2'}]","{'금': '10:30 ~ 20:00', '토': '10:00 ~ 14:00', '월': '10:30 ~ 20:00', '화': '10:30 ~ 20:00', '수': '10:30 ~ 20:00', '목': '10:30 ~ 20:00', '휴무일': '공휴일'}"
연세에스웰피부과,,종로구 종로 19 르메이에르종로타운 4층 404호,//img1.kakaocdn.net/cthumb/local/C544x408.q50/?fname=https%3A%2F%2Fpostfiles.pstatic.net%2FMjAyMzA5MjZfMjgx%2FMDAxNjk1NzE2Nzk5MjA0.f7K4pKiGDxn-msWbPx4ctF4Fu5hHpRMBy3QUAIFwxegg.FnJHf3P0opZ090aQFAt2MGD0kpj8uY_w94pkdIuWhzIg.JPEG.cadet790%2F20230926%25EF%25BC%25BF171334.jpg%3Ftype%3Dw386,"[{'작성자': '', '별점': '', '날짜': '', '내용': ' ', '좋아요': '0'}]","{'금': '10:00 ~ 19:30', '토': '10:00 ~ 13:00', '일': '휴무일', '월': '10:00 ~ 19:30', '화': '10:00 ~ 19:30', '수': '10:00 ~ 19:30', '목': '10:00 ~ 19:30', '휴무일': '공휴일'}"
연세웰이비인후과의원,3.8,중구 남대문로10길 9 경기빌딩 203호,//img1.kakaocdn.net/cthumb/local/C544x408.q50/?fname=http%3A%2F%2Ft1.daumcdn.net%2Flocalfiy%2F59BCC86734FD480DBBE5DDC674FF47E2,"[{'작성자': '햄스터', '별점': '5.0', '날짜': '2025.01.04.', '내용': '약이 잘 들어서 금방 나았어요', '좋아요': '0'}, {'작성자': 'Yn', '별점': '2.0', '날짜': '2024.10.18.', '내용': '병원은 깔끔하고 친절하시고 좋은데...\n중요한건 잘 낫지 않아요. 초기에 가볍게 잡아질 병을 키우는 느낌이라고 해야 하나?\n솔직히 추천은 못하겠습니다.', '좋아요': '1'}, {'작성자': '햅삐', '별점': '5.0', '날짜': '2024.02.29.', '내용': '약발 너무 잘 받아요🤍 감기걸리면 무조건 여기! 담에 체력떨어지면 수액 맞으러 갈게요~!', '좋아요': '0'}]","{'금': '09:00 ~ 19:00', '토': '휴무일', '일': '휴무일', '월': '09:00 ~ 19:00', '화': '09:00 ~ 19:00', '수': '09:00 ~ 19:00', '목': '09:00 ~ 19:00', '휴무일': '공휴일'}"
쁨글로벌의원 명동점,4.2,중구 남대문로 84 3-5층,//img1.kakaocdn.net/cthumb/local/C544x408.q50/?fname=http%3A%2F%2Ft1.kakaocdn.net%2Fmystore%2FAC09183D41B94C60B8446DDE16F41745,"[{'작성자': '뿡치', '별점': '5.0', '날짜': '2025.03.21.', '내용': '진짜 친절함 가격도 저렴 공장향이지만 효과 개만족', '좋아요': '0'}, {'작성자': '대지', '별점': '5.0', '날짜': '2024.12.31.', '내용': '합리적인 가격\n친절한 직원들', '좋아요': '0'}, {'작성자': '린', '별점': '5.0', '날짜': '2024.12.30.', '내용': '저는 최근에 쁨 명동 피부과를 방문했어요. 피부 고민이 많아 상담을 받으러 갔는데, 첫 인상부터 매우 좋았어요. 병원이 깔끔하고 현대적인 ... 더보기', '좋아요': '0'}]","{'금': '10:00 ~ 21:00', '토': '10:00 ~ 19:00', '일': '10:00 ~ 19:00', '월': '10:00 ~ 21:00', '화': '10:00 ~ 19:00', '수': '10:00 ~ 19:00', '목': '10:00 ~ 19:00'}"
굿본정형외과 재활의학과의원 을지로,,중구 을지로 100 파인에비뉴 B동 2층 201-1호,//img1.kakaocdn.net/cthumb/local/C544x408.q50/?fname=http%3A%2F%2Ft1.kakaocdn.net%2Fmystore%2F45ECA6F1ADBB4B71827905206856CF53,"[{'작성자': '', '별점': '', '날짜': '', '내용': ' ', '좋아요': '0'}]","{'금': '09:00 ~ 20:30', '토': '10:00 ~ 14:00', '일': '휴무일', '월': '09:00 ~ 20:30', '화': '09:00 ~ 20:30', '수': '09:00 ~ 20:30', '목': '09:00 ~ 20:30', '휴무일': '공휴일'}"
삼성드림이비인후과의원 종로점,,중구 을지로 51 내외빌딩 4층,//img1.kakaocdn.net/cthumb/local/C544x408.q50/?fname=http%3A%2F%2Ft1.kakaocdn.net%2Fmystore%2F9CD62D1B76D842D290B254F18F82A760,"[{'작성자': '', '별점': '', '날짜': '', '내용': ' ', '좋아요': '0'}]","{'금': '09:30 ~ 18:30', '토': '09:00 ~ 14:30', '일': '휴무일', '월': '09:30 ~ 18:30', '화': '09:30 ~ 18:30', '수': '09:30 ~ 18:30', '목': '09:30 ~ 18:30', '휴무일': '공휴일'}"
센터원서울치과의원,5.0,중구 을지로5길 26 미래에셋 센터원 지하1층 110호,//img1.kakaocdn.net/cthumb/local/C544x408.q50/?fname=https%3A%2F%2Fpostfiles.pstatic.net%2FMjAyNDEyMjdfMjUy%2FMDAxNzM1MjUzNjU1OTY1.XMMh785BGNlZ0WTbJ2h-Wkr2dm1YcsAihuFTtjvGfoIg.He_06f-Np9IbKoZqoSDoBfN84lZXV8K-qOnAdsejrnIg.JPEG%2F%25EB%258C%2580%25EA%25B8%25B0%25EC%258B%25A41.jpg%3Ftype%3Dw966,"[{'작성자': '한필승', '별점': '5.0', '날짜': '2024.12.02.', '내용': '선생님이 너무 자세히 친절하게 설명해주시고 치료도 잘해주십니다', '좋아요': '0'}]","{'금': '09:30 ~ 18:30', '토': '휴무일', '일': '휴무일', '월': '09:30 ~ 18:30', '화': '09:30 ~ 18:30', '수': '09:30 ~ 18:30', '목': '09:30 ~ 20:00', '휴무일': '매주 토요일, 일요일'}"
을지로신경외과의원,4.6,중구 남대문로10길 9 경기빌딩 3층 302~304호,//img1.kakaocdn.net/cthumb/local/C544x408.q50/?fname=http%3A%2F%2Ft1.daumcdn.net%2Flocalfiy%2F52CF926AAF8049FFB0C7F941C45123FA,"[{'작성자': '쩝쩝박사', '별점': '5.0', '날짜': '2024.12.20.', '내용': '직장근처라 검색하고 방문했습니다! 솔직히 카카오맵 평점이 좋기가 힘든데 병원측에서 관리하고 사기 치는 곳이 많아 반신반의로 갔어요~! 후기에 좋아요도 누... 더보기', '좋아요': '1'}, {'작성자': '쿵철', '별점': '5.0', '날짜': '2024.12.09.', '내용': '설명 자세히 잘해주시고 과잉진료도 없어요\n왜 평점이 좋은지 알겠어요', '좋아요': '1'}, {'작성자': '.', '별점': '5.0', '날짜': '2024.08.01.', '내용': '제가 가본 정형외과 중에 최고예요👍🏻\n일단 사람 없고 조용해서 너무 좋고 대기없이 바로 들어갈 수 있습니다. 전화예약은 미리했어요.\n... 더보기', '좋아요': '2'}]","{'금': '09:30 ~ 20:00', '토': '10:00 ~ 14:00', '일': '휴무일', '월': '09:30 ~ 20:00', '화': '09:30 ~ 20:00', '수': '09:30 ~ 20:00', '목': '09:30 ~ 20:00', '휴무일': '공휴일'}"
종로기대찬신경외과의원 신관,2.8,종로구 종로 19 르메이에르종로타운 3층 303호,//img1.kakaocdn.net/cthumb/local/C1104x408.q50/?fname=http%3A%2F%2Ft1.kakaocdn.net%2Ffiy_reboot%2Fplace%2F6DABE203772C4ED1BE59C2471F17EB93,"[{'작성자': '풍경2', '별점': '2.0', '날짜': '2024.03.21.', '내용': '임대료비싼곳이라 그런지  상업적인 병원이라는 느낌이 드는 ..', '좋아요': '2'}, {'작성자': '나먄아니면되', '별점': '3.0', '날짜': '2023.02.09.', '내용': '물리치료사 남자 무슨 대패삼겹살 밀듯이 밀어서 ㄴ답. 아픈곳을 물리치료해줘야하는데…물리치료... 더보기', '좋아요': '0'}, {'작성자': 'ms', '별점': '5.0', '날짜': '2021.09.10.', '내용': '김용오 원장 추천.\n\n몇번째 가고 있지만, \n보통 환자 통증이나 느낌을 설명해도\n의사가 이미 정... 더보기', '좋아요': '1'}]","{'금': '09:00 ~ 19:30', '토': '휴무일', '일': '휴무일', '월': '09:00 ~ 19:30', '화': '09:00 ~ 20:00', '수': '09:00 ~ 19:30', '목': '09:00 ~ 20:00', '휴무일': '공휴일'}"
인치과의원,5.0,종로구 종로 193 고엔제이빌딩 3층 301호,,"[{'작성자': '임희정', '별점': '5.0', '날짜': '2023.06.10.', '내용': '이 주변 어르신의 치아는 다 여기서 맡나 싶을정도로 어르신도 많이 오시는 곳. 옆에서 들어보니 어르신 애프터 케어랑 관리도 확실히 챙겨주시는 느낌을 받았음. 의사선생님이랑 치... 더보기', '좋아요': '0'}, {'작성자': '임병규', '별점': '5.0', '날짜': '2023.05.23.', '내용': '친절하고 치료할때 침을잘처리해서 치료받기가 편하네요^^', '좋아요': '0'}, {'작성자': '차혜수', '별점': '5.0', '날짜': '2022.02.10.', '내용': '최고의 치과입니다.\n양심적이라는 단어는\n정말 이런곳에 써야합니다.\n... 더보기', '좋아요': '0'}]","{'금': '09:30 ~ 18:30', '토': '09:30 ~ 13:30', '월': '09:30 ~ 18:30', '화': '09:30 ~ 18:30', '수': '09:30 ~ 18:30', '목': '09:30 ~ 18:30'}"
화이팅마취통증의학과의원 광화문점,4.0,종로구 종로 19 르메이에르종로타운 2층,//img1.kakaocdn.net/cthumb/local/C544x408.q50/?fname=http%3A%2F%2Ft1.kakaocdn.net%2Fmystore%2FD9EFB8D3FD334C2EBD2C133AE748C447,"[{'작성자': '하루', '별점': '1.0', '날짜': '2024.01.20.', '내용': '여기 임XX 물리치료사분 완전 불친절해요..\n젊은 분인데 이렇게 성격 이상한 직원분 계시는 곳은 처음이에요...ㅡ ㅡ\n이 사람 때문이라도 이 병원 절대 안갈 예정이에요.', '좋아요': '0'}, {'작성자': 'BLANCHE', '별점': '5.0', '날짜': '2023.11.29.', '내용': '다른 병원처럼 스테이로이드 주사를 바로 처방하지 않는 것만으로도…별 10개..', '좋아요': '1'}, {'작성자': '분노의질주', '별점': '5.0', '날짜': '2022.07.31.', '내용': '정진영 원장님 짱!!\n\n원장님 완전 친절 정직 ... 더보기', '좋아요': '0'}]","{'금': '09:30 ~ 18:30', '토': '09:00 ~ 13:00', '일': '휴무일', '월': '09:30 ~ 19:00', '화': '09:30 ~ 19:00', '수': '09:30 ~ 19:00', '목': '09:30 ~ 19:00', '휴무일': '공휴일'}"
메이트치과의원,4.9,종로구 종로5길 7 타워8빌딩 별관 3층 303호,//img1.kakaocdn.net/cthumb/local/C544x408.q50/?fname=http%3A%2F%2Ft1.kakaocdn.net%2Fmystore%2F2B438E31C6EB46D0BD2D9D2BECFBEC18,"[{'작성자': '.', '별점': '5.0', '날짜': '2025.01.15.', '내용': '지인 추천으로 왔어요. 진료 꼼꼼하게 잘 봐주시고 실력도 좋으십니다! 앞으로 여기 치과만 올 것 같습니다.', '좋아요': '0'}, {'작성자': 'Suzy', '별점': '5.0', '날짜': '2024.12.20.', '내용': '사랑니 발치로 추천 받고 왔어요. 정말 하나도 안아프고 발치를 너무 잘해주셔서 마취 풀린 이후에도 별로 안아팠구 바로 일반식 먹었어요 😚 서울살이 6년차 중 가장 마음에 드는 병원이에요 \U0001fa77', '좋아요': '0'}, {'작성자': '태곰이', '별점': '5.0', '날짜': '2024.07.30.', '내용': '후기대로 엄청 친절하세요! 회사 근처에 좋은 치과 발견해서 너무 좋네요.', '좋아요': '0'}]","{'금': '10:00 ~ 18:30', '토': '10:00 ~ 13:30', '일': '휴무일', '월': '10:00 ~ 20:30', '화': '10:00 ~ 18:30', '수': '10:00 ~ 20:30', '목': '10:00 ~ 18:30', '휴무일': '매주 일요일'}"
정훈치과의원,2.3,중구 삼일대로 363 장교빌딩 2304호,//img1.kakaocdn.net/cthumb/local/C544x408.q50/?fname=http%3A%2F%2Ft1.daumcdn.net%2Flocal%2FkakaomapPhoto%2Freview%2Fb64831d3cbde6d583954c97a1247a3fe986540df%3Foriginal,"[{'작성자': '삼신다', '별점': '1.0', '날짜': '2024.12.05.', '내용': '원장님 불친절이 직원들의 친절로 커버되는 곳입니다.', '좋아요': '0'}, {'작성자': 'Ttlort', '별점': '5.0', '날짜': '2024.04.29.', '내용': '턱관절로 두통에 턱변형까지ㅠㅠ..고생하다가 추천받고 많이 좋아졌어요.\n유명하셔서 전국구로 환자들이오... 더보기', '좋아요': '0'}, {'작성자': '김윤호', '별점': '1.0', '날짜': '2024.03.12.', '내용': '기존에 충치 치료 후 어금니를 때웠었는데, 때운 어금니가 부분적으로 깨져서 해당 부분 진료 차 방문하였습니다.\n접수 후 약 30분 가량 대기하였으나, 접수 담당자 분께서 저를 병원 밖 복... 더보기', '좋아요': '0'}]","{'금': '09:30 ~ 18:00', '토': '09:30 ~ 13:00', '일': '휴무일', '월': '09:30 ~ 18:00', '화': '09:30 ~ 18:00', '수': '09:30 ~ 18:00', '목': '휴무일', '휴무일': '매주 목요일, 일요일'}"
경희봄한의원,5.0,종로구 청계천로 61,//img1.kakaocdn.net/cthumb/local/C544x408.q50/?fname=https%3A%2F%2Fpostfiles.pstatic.net%2FMjAyNDAzMjVfOTkg%2FMDAxNzExMzM1OTU5Mjgx.GVmj_4QQcsol43-mc8qQIoSbr-5XzHZwDkAHs-4M-YEg.u18-D3MGOa5lL1ainhbFM6qTlFwHLpxI7036LCs0hkwg.JPEG%2F4.jpg%3Ftype%3Dw966,"[{'작성자': 'Gomu', '별점': '5.0', '날짜': '2022.08.05.', '내용': '원장님 의술도 좋으시고 넘 친절하세요.', '좋아요': '0'}, {'작성자': '서지연', '별점': '5.0', '날짜': '2020.09.28.', '내용': '병원 깔끔하고, 원장님, 실장님 너무 친절하고 잘 치료해주세요', '좋아요': '0'}]","{'금': '11:00 ~ 20:30', '월': '11:00 ~ 20:30', '화': '11:00 ~ 20:30', '수': '11:00 ~ 20:30', '목': '11:00 ~ 20:30'}"
우리본정형외과의원,3.6,중구 청계천로 14 NIA빌딩 2층,//img1.kakaocdn.net/cthumb/local/C544x408.q50/?fname=http%3A%2F%2Ft1.kakaocdn.net%2Fmystore%2F623372E620754BF3A4C5AF511914879C,"[{'작성자': '곽영숙', '별점': '5.0', '날짜': '2023.12.14.', '내용': '김경환 원장님 우리들병원 계실때 디스크 시술 받고\n10년이란 세월이 훨씬 지났지만~\n재발없이 건강하게 잘 지내고 있어요\n항상 궁... 더보기', '좋아요': '4'}]","{'금': '09:00 ~ 19:00', '토': '09:00 ~ 13:00', '일': '휴무일', '월': '09:00 ~ 19:00', '화': '09:00 ~ 19:00', '수': '09:00 ~ 19:00', '목': '09:00 ~ 19:00', '휴무일': '공휴일'}"
광화문더블유치과의원,5.0,종로구 삼봉로 57 호수빌딩 5층,//img1.kakaocdn.net/cthumb/local/C544x408.q50/?fname=https%3A%2F%2Fpostfiles.pstatic.net%2FMjAyMjEyMTdfMjE1%2FMDAxNjcxMjQ4NTE0MTE2.ESs_OwSKeS9w_IkkxWlCEXd9ufXDF3JJucWgMJLJAPwg.1mhEC_PEfdFnKr8m5guJn68Z1kcq47K9cpt3F6i5YyYg.JPEG.w-dent%2FKakaoTalk_20221217_121058490_01.jpg%3Ftype%3Dw466,"[{'작성자': '행복', '별점': '5.0', '날짜': '2023.11.21.', '내용': '직원분들이 다 친절하시지만 의사 선생님 두 분 정말 친절하고 자상하게 대해 주십니다.  치료하실 때에도 작은 부분까지 설명해 주시면서 마음을 편안하게 해 주셔서 정말 좋습니다. 가장 좋... 더보기', '좋아요': '0'}, {'작성자': '모아니면도', '별점': '5.0', '날짜': '2022.12.30.', '내용': '올해 마지막 평일이라 급하게 스케일링 받으러 갔는데 운 좋게 진료 받을 수 있었음. 교정도 오래하고, 건강검진 센터에서 눈탱이도 맞아 봐서 치과에 불신이 깊은데, 여기 직원분은 모두 친절하... 더보기', '좋아요': '1'}, {'작성자': 'alpa', '별점': '5.0', '날짜': '2022.11.19.', '내용': '친절하십니다', '좋아요': '1'}]","{'금': '10:00 ~ 18:30', '토': '10:00 ~ 14:00', '월': '10:00 ~ 18:30', '화': '10:00 ~ 20:30', '수': '10:00 ~ 18:30', '목': '10:00 ~ 18:30'}"
서울의원,4.4,종로구 종로 199-2 2-3층,//img1.kakaocdn.net/cthumb/local/C544x408.q50/?fname=https%3A%2F%2Fpostfiles.pstatic.net%2FMjAyNDAxMjJfMTYz%2FMDAxNzA1ODk1MTQzMzYy.Tg5j9fxyMBXI1VMeMfUvsoerebi-jxf88HqWB73cLD8g.2WS4uCUPLde4X9wdRnnvAEeY0tzMtIQYAI_ZRIcCiiwg.PNG.parkhb0311%2Fimage.png%3Ftype%3Dw966,"[{'작성자': '가좌주민', '별점': '5.0', '날짜': '2024.10.12.', '내용': '선생님이 엄청 친절하십니다!!', '좋아요': '0'}, {'작성자': 'A n d a n t e', '별점': '5.0', '날짜': '2023.12.15.', '내용': '작년 교통사고  후유증으로 병원을 다녀도 차도가 없었고  몸이 안좋은상태였습니다. 아는 지인 통해서 서울의원을 알게 되었고   선생님의 꼼꼼한 진료와 통증주사를 두차례 ... 더보기', '좋아요': '0'}, {'작성자': 'Hi 일하는여자.', '별점': '5.0', '날짜': '2023.12.15.', '내용': '허리 목 무지외반으로 항상 통증을 달고 다니며\n한의원 등등 다른 여러 병원을 다녔습니다\n아시는... 더보기', '좋아요': '0'}]","{'금': '09:00 ~ 18:00', '토': '09:00 ~ 13:00', '일': '휴무일', '월': '09:00 ~ 18:00', '화': '09:00 ~ 18:00', '수': '09:00 ~ 18:00', '목': '09:00 ~ 13:00', '휴무일': '공휴일'}"
메리힐안과의원,2.4,중구 충무로 42,,"[{'작성자': '곽두철', '별점': '1.0', '날짜': '2025.03.05.', '내용': '살고싶다면 가지마라 위생미쳤다 의사 손도 안씻고 그냥 바로바로 맨손으로 환자보더라 내 눈너무 걱정이다 도망쳐', '좋아요': '0'}, {'작성자': '몽슴', '별점': '4.0', '날짜': '2024.10.07.', '내용': '후기 보고 개쫄았는데\n마스크 쓰라고 하는 머리긴 간호사쌤 한명 빼곤 친절하시고 괜찮던데요?', '좋아요': '0'}, {'작성자': '55', '별점': '1.0', '날짜': '2023.09.01.', '내용': '다른데 가세요 제발\n설명은 긴데 핵심은 없고 환자배려 1도없음\n간호사분들은 친절하신... 더보기', '좋아요': '0'}]","{'금': '09:00 ~ 17:00', '토': '휴무일', '일': '휴무일', '월': '09:00 ~ 17:00', '화': '09:00 ~ 17:00', '수': '09:00 ~ 17:00', '목': '09:00 ~ 17:00', '휴무일': '공휴일'}"
연세본치과,4.9,중구 을지로 177 일신빌딩 4층,//img1.kakaocdn.net/cthumb/local/C544x408.q50/?fname=http%3A%2F%2Ft1.daumcdn.net%2Flocal%2FkakaomapPhoto%2Freview%2F06d988720d616517f1980fb68b671b87f7af91bf%3Foriginal,"[{'작성자': '유ㅡ유', '별점': '5.0', '날짜': '2025.02.25.', '내용': '원장님 진짜 레전드로 친절하십니다.\n아파서 갔는데 기분이 좋아져서 나오게 됩니다.', '좋아요': '0'}, {'작성자': '고독한미식가', '별점': '5.0', '날짜': '2025.02.01.', '내용': '다른 치과에서 뽑으라고 한 거 자연치 그대로 잘 쓰게해주심. 치료한지 좀 됐는데(4-5년?) 편안하게 잘 쓰고있음. 지금은 검진만 하는중. 설명 잘 해주셔서 좋았어요.', '좋아요': '0'}, {'작성자': 'J', '별점': '3.0', '날짜': '2025.01.29.', '내용': '뭔가착각하는게 급여치료로도 돈벌수있다..', '좋아요': '0'}]","{'금': '10:00 ~ 19:00', '토': '10:00 ~ 14:00', '월': '10:00 ~ 19:00', '화': '10:00 ~ 20:30', '수': '10:00 ~ 19:00', '목': '14:00 ~ 20:30'}"
참바른정형외과의원,4.0,종로구 무교로 39 3~6층,//img1.kakaocdn.net/cthumb/local/C544x408.q50/?fname=http%3A%2F%2Ft1.kakaocdn.net%2Fmystore%2F16DB2A35E2544200ADD2E11B22D05674,"[{'작성자': '\\', '별점': '3.0', '날짜': '2024.12.22.', '내용': '약간 오버해서 진료하는 경향이 있어서 항목별로 꼼꼼히 따지시길.. 그리고 바닥면적이 작은 관계로 정형외과 하나가 3개층?으로 나누어져있어서 오르락 내리락 불편했음 엘베가 있긴하지만..그래도 특히 다리 다치신분들은 더 불편할듯', '좋아요': '3'}, {'작성자': '맛있는거만먹는사람', '별점': '5.0', '날짜': '2024.11.14.', '내용': '과잉 진료 없고 의사선생님도 간호사분들도 치료사분들도 다 친절하십니다!! 치료도 잘 돼서 금방 나았어요', '좋아요': '0'}, {'작성자': '.', '별점': '5.0', '날짜': '2024.10.17.', '내용': '원장님  꼼꼼하고 정확하게 진료봐주시고 친절하십니다. 충격파 치료받으러 다니는데 효과가 좋아서 만족합니다.', '좋아요': '0'}]","{'금': '10:00 ~ 19:30', '토': '휴무일', '일': '휴무일', '월': '10:00 ~ 19:30', '화': '10:00 ~ 19:30', '수': '10:00 ~ 19:30', '목': '10:00 ~ 19:30', '휴무일': '매주 토요일, 일요일'}"
밴스의원 명동,4.6,중구 남대문로 90 명동N빌딩 11층,//img1.kakaocdn.net/cthumb/local/C544x408.q50/?fname=http%3A%2F%2Ft1.kakaocdn.net%2Ffiy_reboot%2Fplace%2F9D763C733E1147D8A7E384B6248EBA78,"[{'작성자': '💕밍', '별점': '1.0', '날짜': '2025.03.17.', '내용': '제모하는데 대기 한시간해본곳 처음이네요 이럴거면 애초에 예약을 받질말던가 마냥 무한대기 시키고 ㅋ\n한시간 대기할줄알았으면 애초에 예약 안잡았죠ㅡㅡ... 더보기', '좋아요': '0'}, {'작성자': '온가을', '별점': '5.0', '날짜': '2025.03.13.', '내용': '꼼꼼하게 시술해주셔서 솔직히 놀랐습니다.. 보통 이렇게 바쁜 병원들은 대충하는 느낌이 있는데 밴스의원은 다르네요...대기시간도 길지 않았고 상담해주실때도 딱 제가 원하는 포인트만 설명해주시니까 좋았어요', '좋아요': '0'}, {'작성자': '가해성', '별점': '5.0', '날짜': '2025.03.13.', '내용': '지난번 온다리프팅하고 효과가 만족스러워서 또 받으러왔어용 ^^ 이번에도 친절하게 잘 해주셔서 만족합니다! 가격도 다른 병원보다 저렴하게 받았고 바쁜 병원인데도 항상 친절하시네요~! 추천합니다!', '좋아요': '0'}]","{'금': '09:30 ~ 21:00', '토': '09:30 ~ 18:00', '일': '09:30 ~ 18:00', '월': '09:30 ~ 21:00', '화': '09:30 ~ 21:00', '수': '09:30 ~ 21:00', '목': '09:30 ~ 21:00'}"
트윙클의원,,종로구 종로5길 13 삼공빌딩 3층,//img1.kakaocdn.net/cthumb/local/C544x408.q50/?fname=http%3A%2F%2Ft1.kakaocdn.net%2Fmystore%2F73B028084327459FAA35113887EC8C8B,"[{'작성자': '', '별점': '', '날짜': '', '내용': ' ', '좋아요': '0'}]","{'금': '11:00 ~ 20:30', '토': '10:30 ~ 14:30', '일': '휴무일', '월': '11:00 ~ 20:30', '화': '11:00 ~ 20:30', '수': '휴무일', '목': '11:00 ~ 20:30', '휴무일': '공휴일'}"
위드산부인과의원,,종로구 종로 19 르메이에르종로타운1 2층 202-2~4호,//img1.kakaocdn.net/cthumb/local/C544x408.q50/?fname=http%3A%2F%2Ft1.kakaocdn.net%2Fmystore%2FA030F3515139466BA576F50BAFF0778C,"[{'작성자': '', '별점': '', '날짜': '', '내용': ' ', '좋아요': '0'}]","{'금': '09:30 ~ 19:30', '토': '09:30 ~ 14:00', '월': '09:30 ~ 20:00', '화': '09:30 ~ 19:30', '수': '09:30 ~ 19:30', '목': '09:30 ~ 19:30'}"
라미에르의원,,"종로구 종로 19 르메이에르종로타운 2층 204,205호",//img1.kakaocdn.net/cthumb/local/C544x408.q50/?fname=http%3A%2F%2Ft1.kakaocdn.net%2Fmystore%2FEB234DB591114D32A8AA832D818B4C68,"[{'작성자': '', '별점': '', '날짜': '', '내용': ' ', '좋아요': '0'}]","{'금': '10:30 ~ 20:00', '토': '10:00 ~ 16:00', '일': '휴무일', '월': '10:30 ~ 20:00', '화': '10:30 ~ 20:00', '수': '10:30 ~ 20:00', '목': '10:30 ~ 20:00', '휴무일': '공휴일'}"
미소안과의원,2.6,종로구 종로 207 금원빌딩 5층 505~506호,//img1.kakaocdn.net/cthumb/local/C544x408.q50/?fname=http%3A%2F%2Ft1.daumcdn.net%2Flocalfiy%2F4707E26CE2884D5595B05C11DC125C47,"[{'작성자': '그래요', '별점': '1.0', '날짜': '2025.02.09.', '내용': '개돌팔이 \n다른 병원에서 처방중인 약 이름 얘기 하니 잘 모름 \n꺼내서 보여 달래 ㅋㅋ ... 더보기', '좋아요': '0'}, {'작성자': '박기현', '별점': '1.0', '날짜': '2024.10.24.', '내용': '인공눈물 두개만 처방 해줌\n밑에 온유약국 가서 받았는데 인공눈물 싸지도 않아서 따지면 그냥 처방 ... 더보기', '좋아요': '0'}, {'작성자': '토마토', '별점': '3.0', '날짜': '2024.05.20.', '내용': '인공눈물 처방 받으려고 갔는데\n별로 안건조하다고 2통만 해주심 \n더해달라니까 써보고 그 때 오라네요', '좋아요': '1'}]","{'금': '10:00 ~ 18:00', '토': '10:00 ~ 13:00', '월': '10:00 ~ 18:00', '화': '10:00 ~ 19:00', '수': '10:00 ~ 18:00', '목': '10:00 ~ 19:00', '휴무일': '공휴일'}"
치휴한방병원 종로점,,"종로구 대학로 89 대학로빌딩 지하1층, 2~6층",//img1.kakaocdn.net/cthumb/local/C544x408.q50/?fname=http%3A%2F%2Ft1.kakaocdn.net%2Fmystore%2F75EA737930A845C1B01FD3218CFE13F2,"[{'작성자': '', '별점': '', '날짜': '', '내용': ' ', '좋아요': '0'}]","{'금': '09:00 ~ 18:00', '토': '09:00 ~ 13:00', '일': '휴무일', '월': '09:00 ~ 18:00', '화': '09:00 ~ 18:00', '수': '09:00 ~ 18:00', '목': '09:00 ~ 18:00', '휴무일': '공휴일'}"
더스퀘어치과의원,4.5,종로구 종로3길 17 광화문D타워 L층(지하2층),//img1.kakaocdn.net/cthumb/local/C544x408.q50/?fname=http%3A%2F%2Ft1.kakaocdn.net%2Fmystore%2F438ACC57368B4802AA231B11CB829237,"[{'작성자': '귀리보리', '별점': '5.0', '날짜': '2025.02.21.', '내용': '직장이 근처이기도 하고 소개받고 방문했습니다😎\n치아가 갑자기 아파서, 야간진료도 가능하다해서 일끝나고 방문했습니다\n아... 더보기', '좋아요': '0'}, {'작성자': '고오라니', '별점': '5.0', '날짜': '2025.02.19.', '내용': '딱딱한 고구마 스틱을 먹다 이가 깨져서 급하게 회사 주변 치과를 찾아 방문했어요! 광화문에서 알아줄 만한 치과 명성답게 깔끔하고 체계적으로 시스템이 잘 갖춰진 것 같아요. 엑... 더보기', '좋아요': '0'}, {'작성자': '조동현', '별점': '2.0', '날짜': '2025.02.14.', '내용': '크라운은 비싸고 임플란트는 약간 비싼 느낌입니다 (한장이 훌쩍 넘는) 곳.\n광화문에 있는 적당히 친... 더보기', '좋아요': '0'}]","{'금': '10:00 ~ 19:00', '토': '10:00 ~ 14:00', '일': '휴무일', '월': '10:00 ~ 21:00', '화': '10:00 ~ 19:00', '수': '10:00 ~ 19:00', '목': '10:00 ~ 21:00', '휴무일': '공휴일'}"
아비쥬의원 명동,4.4,중구 남대문로 78 타임워크빌딩 지하1층,//img1.kakaocdn.net/cthumb/local/C544x408.q50/?fname=http%3A%2F%2Ft1.kakaocdn.net%2Fmystore%2F8BF139DF802044DB9BC57311402E7CA7,"[{'작성자': '최경자', '별점': '5.0', '날짜': '2025.03.28.', '내용': '모든분들이 너무 친절하시고  선생님들도 친절하셔서 담에 또 방문하고 십어요', '좋아요': '0'}, {'작성자': 'ㅋㅋㅋ', '별점': '5.0', '날짜': '2025.03.27.', '내용': '저는 기본관리만 하진않고 이거저거 추가해서 했지만 굉장히 만족스럽게 했습니다 평소에 사무실이 춥고 건조해서 바닦에 발난로를 항시 키는데 그거 때문에 얼굴이 더 건조해서 수분... 더보기', '좋아요': '0'}, {'작성자': '미경이', '별점': '5.0', '날짜': '2025.03.26.', '내용': '직원 응대가 친절하고 매장도 넓고 깔끔하고  좋아요! 시술후 피부가 맑아짐을 느껴서 꾸준히 관리받고 싶어요!', '좋아요': '0'}]","{'금': '10:30 ~ 20:30', '토': '10:00 ~ 16:30', '일': '휴무일', '월': '10:30 ~ 20:30', '화': '10:30 ~ 20:30', '수': '10:30 ~ 20:30', '목': '10:30 ~ 20:30', '휴무일': '추석전날, 추석당일, 추석다음날, 설전날, 설당일, 설다음날, 1월1일, 삼일절, 현충일, 광복절, 개천절, 한글날, 성탄절'}"
종로본정형외과의원,4.8,"종로구 동호로 399 1,2층",//img1.kakaocdn.net/cthumb/local/C544x408.q50/?fname=http%3A%2F%2Ft1.kakaocdn.net%2Fmystore%2F4AD59898A34B4992B11BD14AD2620C12,"[{'작성자': 'yr❤️', '별점': '5.0', '날짜': '2024.12.05.', '내용': '도수치료와 물리치료 시스템이 너무 새로웠어요\n물침대 마사지기능와 \n도수치료 후 두둘겨주시는 마사지 기계 너무... 더보기', '좋아요': '0'}, {'작성자': '피자', '별점': '5.0', '날짜': '2024.11.20.', '내용': '의사선생님도 직원분들도 다 너무 친절하시고 섬세하게 봐주셔요!!!!!!', '좋아요': '0'}, {'작성자': 'KIM,namsoo 김남수', '별점': '5.0', '날짜': '2024.10.11.', '내용': '통증이 심해서 걷기가 힘들어서 많이 긴장하고 갔는데 원장님께서 꼼꼼하게 진단해주시고 설명도 잘 해 주시고 적절한 치료도 해 주셔서 심신이 안정되는데 큰 도움을 받았습니... 더보기', '좋아요': '0'}]","{'금': '08:30 ~ 19:00', '토': '08:30 ~ 13:00', '일': '휴무일', '월': '08:30 ~ 19:00', '화': '08:30 ~ 19:00', '수': '08:30 ~ 19:00', '목': '08:30 ~ 19:00', '휴무일': '매주 일요일'}"
종로광장정형외과의원,3.8,종로구 종로 223 우교빌딩 1층,//img1.kakaocdn.net/cthumb/local/C544x408.q50/?fname=http%3A%2F%2Ft1.kakaocdn.net%2Ffiy_reboot%2Fplace%2FD4114F2718824C959D4FD9E301A3B590,"[{'작성자': '엄자윤', '별점': '4.0', '날짜': '2025.03.25.', '내용': '치료 받으러 왔는데 효과 있는 거 같아요', '좋아요': '0'}, {'작성자': '짱아', '별점': '5.0', '날짜': '2025.02.24.', '내용': '원장님 친절하시고 진료 꼼꼼하게 잘해주세요', '좋아요': '0'}, {'작성자': '고길동', '별점': '1.0', '날짜': '2025.01.30.', '내용': '불필요한 진료를 많이 받은 느낌\n여기서 치료받고 완치안되서\n다... 더보기', '좋아요': '0'}]","{'금': '08:30 ~ 19:00', '토': '08:30 ~ 13:00', '일': '휴무일', '월': '08:30 ~ 19:00', '화': '08:30 ~ 20:00', '수': '08:30 ~ 19:00', '목': '08:30 ~ 20:00', '휴무일': '공휴일'}"
광화문닥터김이비인후과의원,4.1,종로구 세종대로 159 세광빌딩 6층,//img1.kakaocdn.net/cthumb/local/C544x408.q50/?fname=http%3A%2F%2Ft1.daumcdn.net%2Flocal%2FkakaomapPhoto%2Freview%2F512b00c2847af715fc7aa4dfb5709bfe3108bcd0%3Foriginal,"[{'작성자': '유재혁', '별점': '5.0', '날짜': '2025.03.18.', '내용': '친절하고 잘 설명해주십니다.', '좋아요': '0'}, {'작성자': '구름이', '별점': '1.0', '날짜': '2025.01.28.', '내용': '설 진료 카카오맵에는 가능한 시간까지 나와있어서 왔는데 휴무네요... 아픈 사람들이 찾아오는 곳인데 수정 부탁드립니다.', '좋아요': '0'}, {'작성자': '포카리', '별점': '5.0', '날짜': '2024.11.19.', '내용': '사람이 많긴한데 친절하고 진료도 잘봐주세요\n병명 설명도 잘해주시고 약도 과하게 처방해주지 않아서 좋아요', '좋아요': '0'}]","{'금': '08:00 ~ 16:30', '월': '08:00 ~ 18:00', '화': '08:00 ~ 16:30', '수': '08:00 ~ 16:30', '목': '08:00 ~ 16:30'}"
이의홍치과의원,2.0,중구 을지로 103-1 2층,,"[{'작성자': '\\', '별점': '2.0', '날짜': '2020.06.17.', '내용': '스케일링 아파서 죽는 줄 알았음.. 여자분이 다분히 고의적으로 잇몸 조짐\n\n하면서 별 생각이 다 들었다 내가 전생에 이 사람과 웬수를 졌나..', '좋아요': '0'}]","{'금': '09:30 ~ 18:30', '토': '09:30 ~ 13:00', '월': '09:30 ~ 18:30', '화': '09:30 ~ 18:30', '수': '09:30 ~ 18:30', '목': '09:30 ~ 18:30', '휴무일': '토요일 격주 휴무'}"
더맑은가정의학과의원,3.6,중구 을지로 158,//img1.kakaocdn.net/cthumb/local/C544x408.q50/?fname=http%3A%2F%2Ft1.daumcdn.net%2Flocal%2FkakaomapPhoto%2Freview%2F30320b21caa250759a776043734da4b38005d76666fdf329f964c1a2f0ce49d0,"[{'작성자': 'ㄱㅁㅎ', '별점': '5.0', '날짜': '2024.03.29.', '내용': '최고의 병원.. 덕분에 과민성 많이 나아졌습니다', '좋아요': '1'}, {'작성자': '꼬북', '별점': '5.0', '날짜': '2024.01.03.', '내용': '예약해도 대기해야돼서 불편한 점은 있지만 .. 이장희선생님 덕분에 많이 나았어요!!', '좋아요': '0'}, {'작성자': '개', '별점': '5.0', '날짜': '2023.05.02.', '내용': '나만 다니고 싶지만 동시에 널리 알리고 싶은 곳. 의사선생님들 건강도 좀 챙기셨음 좋겠습니다. 그리고 사람 정말 많고 바쁩니다. 접수해주시는 선생님들 안웃는다고 불친절하다하지 말길. 접수 잘 하고 ... 더보기', '좋아요': '1'}]","{'금': '09:00 ~ 18:00', '토': '09:00 ~ 13:00', '일': '휴무일', '월': '09:00 ~ 18:00', '화': '09:00 ~ 18:00', '수': '09:00 ~ 18:00', '목': '09:00 ~ 18:00', '휴무일': '공휴일'}"
명동콤비치과의원,4.8,중구 남대문로 84 하이드파크 8층,//img1.kakaocdn.net/cthumb/local/C544x408.q50/?fname=http%3A%2F%2Ft1.kakaocdn.net%2Fmystore%2F132E4195B9494B81AF660DD5B97743CD,"[{'작성자': '림', '별점': '3.0', '날짜': '2025.03.28.', '내용': '여쭤보면 잘 알려주시는 꼼꼼함:)!', '좋아요': '0'}, {'작성자': '규규', '별점': '5.0', '날짜': '2025.03.27.', '내용': 'goooood', '좋아요': '0'}, {'작성자': '아카', '별점': '5.0', '날짜': '2025.03.27.', '내용': '아이에게 친절하시고 꼼꼼👍', '좋아요': '0'}]","{'금': '10:00 ~ 19:00', '토': '09:30 ~ 14:00', '월': '10:00 ~ 19:00', '화': '10:00 ~ 21:00', '수': '10:00 ~ 19:00', '목': '10:00 ~ 21:00', '휴무일': '공휴일'}"
프라임안과의원,0.0,중구 을지로12길 11,,"[{'작성자': '', '별점': '', '날짜': '', '내용': ' ', '좋아요': '0'}]",{}
연세필정신건강의학과의원,4.3,종로구 종로 19,,"[{'작성자': '왓?!', '별점': '5.0', '날짜': '2024.09.13.', '내용': '처음 정신과에 방문하게 되어서 긴장했는데  \n병원 자체의 분위기도 차분하고\n카운터직원분들도 친절하십니다\n무엇보다도 의사선생님의... 더보기', '좋아요': '0'}, {'작성자': '김동현', '별점': '5.0', '날짜': '2024.08.05.', '내용': '선생님 너무 좋으세요.', '좋아요': '0'}, {'작성자': 'faith', '별점': '3.0', '날짜': '2022.07.02.', '내용': '여기 다니다가 조무사들이 이상해서 그만다니게되었어요.. 처음에는 그냥 친절하신줄 알았는데 처방전받는데 약국은 3층으로 내려가셔야돼요~이러면서 자세히 설명해주길래 4층에도... 더보기', '좋아요': '2'}]","{'금': '10:00 ~ 17:40', '월': '10:00 ~ 17:40', '화': '10:00 ~ 17:40', '수': '10:00 ~ 17:40', '목': '10:00 ~ 17:40'}"
파인타워치과의원,5.0,중구 을지로 100 파인애비뉴 B동 4층 401호,//img1.kakaocdn.net/cthumb/local/C544x408.q50/?fname=https%3A%2F%2Fpostfiles.pstatic.net%2FMjAyMzA0MjRfMjQx%2FMDAxNjgyMzEzNzgxODQz.B7fJPWbF4faLwdTANkH_38qvJ_Yy2sJx1lRF0gMJw-Ag.NP1z5Y8xXLObc6rbJb6VsPKV7UnCr6ugQz9B1DmuZ3og.JPEG.parkha0705%2F8.jpg%3Ftype%3Dw966,"[{'작성자': '김재욱', '별점': '5.0', '날짜': '2023.06.09.', '내용': '치과 치료 받으면서 잠이 오긴 처음이었습니다. 마취 주사도 하나도 안 아프게 잘 놓아주시고, 치료도 하나하나 설명하면서 살살 안아프게 넘 잘 해주시네요.', '좋아요': '0'}]","{'금': '10:00 ~ 19:00', '토': '09:30 ~ 13:30', '일': '휴무일', '월': '10:00 ~ 19:00', '화': '10:00 ~ 20:30', '수': '10:00 ~ 19:00', '목': '10:00 ~ 20:30', '휴무일': '공휴일'}"
혜화영상의학과,3.0,종로구 창경궁로 233,,"[{'작성자': '박안드로', '별점': '5.0', '날짜': '2025.01.10.', '내용': '친절했고, 가격이 꽤 합리적임.', '좋아요': '0'}, {'작성자': 'Jessie', '별점': '1.0', '날짜': '2024.05.20.', '내용': '아래 후기대로 촬영해주시는 분 친절한데 접수가 엄청 불친절해요. 요즘 시대에 보기 드뮬게 땍땍 거리는 느낌?', '좋아요': '0'}, {'작성자': 'k', '별점': '5.0', '날짜': '2023.06.17.', '내용': '장비가 좋아요 서울대병원 근처라 그런가 개인병원인데 3T MRI있음', '좋아요': '0'}]","{'금': '09:00 ~ 18:00', '토': '09:00 ~ 15:00', '월': '09:00 ~ 18:00', '화': '09:00 ~ 18:00', '수': '09:00 ~ 18:00', '목': '09:00 ~ 18:00'}"
을지로마디튼튼신경외과의원,,"중구 을지로 164 베스트웨스턴호텔국도 3층, 지하1층",//img1.kakaocdn.net/cthumb/local/C1104x408.q50/?fname=http%3A%2F%2Ft1.kakaocdn.net%2Ffiy_reboot%2Fplace%2F82816C600F8249E3A6E0212628B20411,"[{'작성자': '', '별점': '', '날짜': '', '내용': ' ', '좋아요': '0'}]","{'금': '09:00 ~ 19:00', '토': '09:00 ~ 13:00', '일': '휴무일', '월': '09:00 ~ 19:00', '화': '09:00 ~ 19:00', '수': '09:00 ~ 19:00', '목': '09:00 ~ 19:00', '휴무일': '매주 일요일'}"
백성기치과,0.0,종로구 율곡로2길 7,,"[{'작성자': '', '별점': '', '날짜': '', '내용': ' ', '좋아요': '0'}]",{}
연세다나이비인후과의원,1.8,"종로구 종로 19 르메이에르 종로타운 322,323호",,"[{'작성자': '행복해♡', '별점': '5.0', '날짜': '2025.03.10.', '내용': '친정엄마 모시고 이명치료받으러 첫방문했는데 리뷰가 너무 안좋아서 걱정했는데 넘 친절하신데요?\n우선 어르신환자가 만족해하... 더보기', '좋아요': '0'}, {'작성자': '.', '별점': '1.0', '날짜': '2024.12.11.', '내용': '진료비가 지나치게 비쌈', '좋아요': '0'}, {'작성자': '최광수', '별점': '1.0', '날짜': '2024.11.11.', '내용': '무슨 3차 대형병원도 아니고, 회사 인근에서 1차로 가는 곳인데, 목 조금 간질간질 기침나서 갔더니,\n예약 안 했다고 코로나 ... 더보기', '좋아요': '0'}]","{'금': '09:00 ~ 18:00', '토': '휴무일', '일': '휴무일', '월': '09:00 ~ 18:00', '화': '09:00 ~ 18:00', '수': '09:00 ~ 18:00', '목': '09:00 ~ 18:00', '휴무일': '공휴일'}"
이윤수조성완비뇨기과의원,3.0,중구 명동9길 39 쌍용빌딩 4층,,"[{'작성자': 'sh', '별점': '1.0', '날짜': '2025.01.08.', '내용': '의사 매우매우불친절', '좋아요': '0'}, {'작성자': '소금강', '별점': '5.0', '날짜': '2022.01.11.', '내용': '의료진\n친절하시더라고요', '좋아요': '0'}, {'작성자': '먹멍이', '별점': '1.0', '날짜': '2021.11.30.', '내용': '진찰볼때 환자이름 헷갈리시고\n계산할때 환자이름 헷갈리시면 어떡해... 더보기', '좋아요': '1'}]","{'금': '09:30 ~ 18:00', '토': '09:30 ~ 12:00', '일': '휴무일', '월': '09:30 ~ 18:00', '화': '09:30 ~ 18:00', '수': '09:30 ~ 18:00', '목': '09:30 ~ 18:00', '휴무일': '공휴일'}"
서울대학교어린이병원 소아응급센터,3.0,종로구 대학로 101,,"[{'작성자': '.', '별점': '1.0', '날짜': '2025.03.10.', '내용': '아기가 위액까지 다 토할정도로 계속된 구토와 처짐으로 119연락후 방문할 응급실 안내받는데 전화해보니 주변 ... 더보기', '좋아요': '0'}, {'작성자': '다람쥐', '별점': '5.0', '날짜': '2023.05.21.', '내용': '저는 23개월 아이가 있습니다. 내아이도 소중하지만 남의아이도 소중하겠죠 여기 종사하시는 모든분들께 응원을 보냅니다. 언젠가 내 아이가 갈일이 없길 바라며...', '좋아요': '1'}, {'작성자': '네갸헤뭇', '별점': '1.0', '날짜': '2022.12.16.', '내용': '소아응급실 ㅎㅅㅇ의사 불쾌할 정도로 무례함.\n오전부터 열나서 저녁6시에 40도 넘어서 응급실 가니.. \nㅎㅅㅇ의사... 더보기', '좋아요': '0'}]",{}
서울대학교병원 응급의료센터,1.3,종로구 대학로 101,//img1.kakaocdn.net/cthumb/local/C544x408.q50/?fname=https%3A%2F%2Fpostfiles.pstatic.net%2FMjAyNDA1MTNfMjYg%2FMDAxNzE1NTM4Nzg1MDIx.HYRKTuaL-fWog66q6_OT9dgg7sDfexc-wI8Tc5BA5t0g.K3dGS6ztv_C8JOHYulEBhyehs_7Z55Ad-JhJ6_kNWRUg.JPEG%2Foutput_1871812651.jpg%3Ftype%3Dw773,"[{'작성자': '박상현', '별점': '1.0', '날짜': '2024.03.31.', '내용': '오시면 신세계를 경험하실겁니다. 응급실 개념이 아닌 그냥 야간 진료정도 수준입니다. 이미 오셨다면 느껴보시길.', '좋아요': '1'}, {'작성자': '8krpm', '별점': '1.0', '날짜': '2024.01.02.', '내용': '응급실을 응급환자로갔는데 느긋하게 방치하는 병원..\n어이가없어서 ㅡㅡ', '좋아요': '0'}, {'작성자': '낱말', '별점': '1.0', '날짜': '2023.08.20.', '내용': '1. 탈골 돼서 병원 갔는데 경험 있는 사람이 하나도 없다.\n2. 우악스럽게 힘으로 집어넣으려 했으면 병원 방문도 안 했다. \n3. ... 더보기', '좋아요': '2'}]",{}
삼성화인마취통증의학과의원,4.7,종로구 대학로 13 스카이빌딩 3층,,"[{'작성자': '류현아', '별점': '5.0', '날짜': '2021.05.04.', '내용': '친절합니다', '좋아요': '1'}, {'작성자': '피곤함', '별점': '4.0', '날짜': '2020.11.08.', '내용': '원장님 친절하시고 이야기 잘 들어주십니다.', '좋아요': '1'}]","{'금': '09:00 ~ 18:00', '월': '09:00 ~ 18:00', '화': '09:00 ~ 18:00', '수': '09:00 ~ 18:00', '목': '09:00 ~ 18:00'}"
준비뇨기과의원,4.4,중구 명동9길 23 한양빌딩 3층 303호,//img1.kakaocdn.net/cthumb/local/C544x408.q50/?fname=http%3A%2F%2Ft1.kakaocdn.net%2Fmystore%2FDBC6876BB1E44065B2DA47DD1720D830,"[{'작성자': '조은자전거', '별점': '5.0', '날짜': '2023.02.12.', '내용': '좋아요.. 이것저것 설명도 해주시고 맘에 들어요', '좋아요': '1'}, {'작성자': 'Kim', '별점': '5.0', '날짜': '2022.08.29.', '내용': '원장선생님이 정말 친절하심. 그리고 검사 결과라든지 진단에 대한 부분이라든지 전문성있게 설명해주심 !', '좋아요': '1'}, {'작성자': '우디', '별점': '5.0', '날짜': '2021.11.04.', '내용': '비뇨기과 처음 방문했는데 세세하게 분석해주시고 설명해주시고 간호사분들도 친절했습니다. 진료 너무 만족스럽게 잘 받았습니다. 감사합니다!', '좋아요': '2'}]","{'금': '09:10 ~ 19:00', '토': '09:10 ~ 16:00', '일': '휴무일', '월': '09:10 ~ 19:00', '화': '09:10 ~ 19:00', '수': '09:10 ~ 19:00', '목': '09:10 ~ 19:00', '휴무일': '공휴일'}"
을지연세치과의원,1.0,중구 을지로 109 칠보빌딩 3층,,"[{'작성자': '긍정효과', '별점': '1.0', '날짜': '2024.06.12.', '내용': '두번 다시 가고 싶지 않은 치과입니다.', '좋아요': '0'}, {'작성자': 'somsa', '별점': '1.0', '날짜': '2020.03.08.', '내용': '프론트에 있는 여자 간호사 언니 너무 앙칼져요..', '좋아요': '1'}]","{'금': '09:30 ~ 18:30', '토': '09:30 ~ 13:30', '월': '09:30 ~ 18:30', '화': '09:30 ~ 18:30', '수': '09:30 ~ 18:30', '목': '09:30 ~ 18:30'}"
오늘봄한의원,,종로구 종로 195 2층,//img1.kakaocdn.net/cthumb/local/C544x408.q50/?fname=https%3A%2F%2Fpostfiles.pstatic.net%2FMjAyMzA1MTJfMjMy%2FMDAxNjgzODUxMzk0OTcw.0nUygVbKD0e4arMappUIEWuqTML-vDkP373dJf2TCD0g.07gr33-QqhIOy9hHNMxwaOtkpPar7C9b03iiIV0Js7sg.JPEG.cyss101%2FSE-d7f9bc6e-ab3c-42a9-a0bf-2000f8daac2b.jpg%3Ftype%3Dw966,"[{'작성자': '', '별점': '', '날짜': '', '내용': ' ', '좋아요': '0'}]","{'금': '09:00 ~ 20:30', '토': '09:00 ~ 15:00', '일': '09:00 ~ 15:00', '월': '09:00 ~ 20:30', '화': '09:00 ~ 20:30', '수': '09:00 ~ 20:30', '목': '09:00 ~ 20:30'}"
성모준이비인후과의원,,중구 을지로 170 을지트윈타워 3층 301-3호,//img1.kakaocdn.net/cthumb/local/C544x408.q50/?fname=https%3A%2F%2Fpostfiles.pstatic.net%2FMjAyNDA4MjhfMTQz%2FMDAxNzI0ODQ0NzYxNzE0.hR9EC-dQJzC5ggO-JP94EOSI0UuAk00sPB7MqUG3Vwgg.lFT9XFXzfBMKjknsS4gZG8lP89-SzBOl0nH1WQe-4-Qg.JPEG%2FIMG_9643.jpg%3Ftype%3Dw966,"[{'작성자': '', '별점': '', '날짜': '', '내용': ' ', '좋아요': '0'}]","{'금': '09:00 ~ 19:00', '토': '09:00 ~ 13:00', '월': '09:00 ~ 19:00', '화': '09:00 ~ 19:00', '수': '09:00 ~ 19:00', '목': '09:00 ~ 19:00'}"
위강한의원 종로점,4.2,종로구 종로3길 34 삼송빌딩 3층,//img1.kakaocdn.net/cthumb/local/C544x408.q50/?fname=https%3A%2F%2Fpostfiles.pstatic.net%2FMjAyNDExMjlfMTkg%2FMDAxNzMyODY3MDIwNDMy.N5kRyz4ad_ayVM1FciTp6zgzw7Hq8XdFOvNQfdLec3og.SlxvPosraoarqiZ6t7ZZtTMgDJwDcGnMoBQuds9uXTQg.PNG%2F20241129_%25EB%25AA%25A9%25EA%25B0%2584%25EC%25A7%2588%25EA%25B8%25B0%25EC%25B9%25A82.png%3Ftype%3Dw773,"[{'작성자': '박은지', '별점': '5.0', '날짜': '2025.01.23.', '내용': '한번씩 급체해서 식은 땀 나고 구토증상 있어 방문했는데 진료후 차도가 엄청 좋았어요 앞으로 여기 계속 다녀보려 합니다~', '좋아요': '0'}, {'작성자': '줄리아', '별점': '5.0', '날짜': '2024.12.24.', '내용': '거북목이 너무 심해진 것 같아서 침맞았어요 전체적으로 다 봐주셔서 너무 좋아요!', '좋아요': '0'}, {'작성자': '달빛', '별점': '5.0', '날짜': '2024.05.15.', '내용': '소화불량 때문에 방문했는데 원장님이 너무 친절하시고 설명도 자세히 해주셔서 믿음이 가고 처방받은 약을 먹으니 많이 좋아졌어요~', '좋아요': '0'}]","{'금': '10:00 ~ 19:00', '토': '10:00 ~ 14:00', '일': '휴무일', '월': '10:00 ~ 19:00', '화': '10:00 ~ 21:00', '수': '휴무일', '목': '10:00 ~ 19:00', '휴무일': '공휴일'}"
종로정형외과의원,,종로구 종로 19 2층,//img1.kakaocdn.net/cthumb/local/C544x408.q50/?fname=http%3A%2F%2Ft1.daumcdn.net%2Flocalfiy%2FD0E88703ABFC4B8F86AFE22BB29B396A,"[{'작성자': '', '별점': '', '날짜': '', '내용': ' ', '좋아요': '0'}]","{'금': '09:30 ~ 19:00', '토': '휴무일', '일': '휴무일', '월': '09:30 ~ 19:30', '화': '09:30 ~ 19:30', '수': '09:30 ~ 19:30', '목': '09:30 ~ 19:30', '휴무일': '공휴일'}"
혜화당한의원,4.3,중구 충무로 56 2층,//img1.kakaocdn.net/cthumb/local/C544x408.q50/?fname=https%3A%2F%2Fpostfiles.pstatic.net%2FMjAyNDA3MjNfMTkg%2FMDAxNzIxNzI0MDcxMDEw.T-Wzu-v9ZPZpZwdBlEFsLCi-nTpgWusogzLnY1B2rHAg.V5Zmto0KjH38W1-LbzXiHOFPOKTdzYiIGPr1W-f4NeAg.JPEG%2FIMG_5963.jpg%3Ftype%3Dw966,"[{'작성자': '글비', '별점': '5.0', '날짜': '2024.09.05.', '내용': '여기 회사다닐때도 아프면 종종가던곳인데\n이직했어도 너무 아프면 가끔 들르는곳입니다\n침도 잘놓아주시고 자세도 어떻게 하라고 조언도해주시고 친절해요', '좋아요': '0'}, {'작성자': 'Sehyeon', '별점': '5.0', '날짜': '2024.05.21.', '내용': '우연히 방문한 한의원인데 왜 평점이 좋은지\n알 것 같았습니다. 발목이 아픈 이유를 한번에 짚어내셔서 깜짝 놀랐습니다! 상담도 시간 내어 꼼꼼하게 진심으로 해주셔서 치료 받고 나... 더보기', '좋아요': '0'}, {'작성자': '...,.,.,..,,.,.', '별점': '5.0', '날짜': '2024.05.13.', '내용': '좋아요.  목 어깨 아파서 직장지인들이 추천해서 치료 받았어요.  무뚝뚝한 친절함(?). 이라고 해야  하나.  암튼 필요한 거 딱 알려주고 치료해줘요. 자세 겨정 티칭받고 그대로 하니까 많이 좋네요', '좋아요': '0'}]","{'금': '09:00 ~ 19:00', '토': '09:00 ~ 14:00', '일': '휴무일', '월': '09:00 ~ 19:00', '화': '09:00 ~ 19:00', '수': '09:00 ~ 19:00', '목': '09:00 ~ 19:00', '휴무일': '공휴일'}"
톡스앤필의원 명동점,,중구 남대문로 84 8층,//img1.kakaocdn.net/cthumb/local/C544x408.q50/?fname=https%3A%2F%2Fpostfiles.pstatic.net%2FMjAyNTAyMDhfMTAy%2FMDAxNzM5MDA0MTUyNjU1.NQxRW98P1WItCwtfUfB3hXOWzrooR_cKN00yRX0xYa0g.a0IZ0B8ea4kwbkcDpVX1QqNw5XMbp62P0iILf80yagwg.JPEG%2F1_%252810%2529.jpg%3Ftype%3Dw966,"[{'작성자': '', '별점': '', '날짜': '', '내용': ' ', '좋아요': '0'}]","{'금': '10:30 ~ 21:00', '토': '10:30 ~ 17:00', '일': '11:00 ~ 17:00', '월': '10:30 ~ 21:00', '화': '10:30 ~ 21:00', '수': '10:30 ~ 21:00', '목': '10:30 ~ 21:00'}"
시스템치과,3.9,중구 명동7길 21 아르누보센텀 3층,//img1.kakaocdn.net/cthumb/local/C544x408.q50/?fname=http%3A%2F%2Ft1.kakaocdn.net%2Fmystore%2F1AB452CC1D954071A5C9B04DC34D03F6,"[{'작성자': '김재희', '별점': '5.0', '날짜': '2023.03.08.', '내용': '원래 이런 평 잘 안쓰는데 여기는 정말 맘에 들어서 씁니다. 작년 10월쯤에 임플란트와 충치치료 받고 계속 잘 다니고 있습니다. 동네에서 받을까 하다가 회사가 명동이라 ... 더보기', '좋아요': '0'}, {'작성자': 'WDS corp.', '별점': '5.0', '날짜': '2022.07.26.', '내용': '임플란트는 구강외과 전문의한테 받고싶어서 알아보다가 군산에서부터 명동까지 가서 받았습니다. 원데이임플란트라서 확실히 4번만 가면 완성되니까 멀지만 참 편해서 좋네요. 친절하게 설명해주셔서 너무 감사했어요~.^', '좋아요': '0'}, {'작성자': '블레어', '별점': '5.0', '날짜': '2022.05.17.', '내용': '임플란트 잘 하는 곳이라고 해서\n부모님 모시고 와서 해드렸는데 \n상담도 너무 친절하게 도와주... 더보기', '좋아요': '2'}]","{'금': '09:30 ~ 18:30', '토': '09:30 ~ 14:00', '일': '휴무일', '월': '09:30 ~ 18:30', '화': '09:30 ~ 18:30', '수': '09:30 ~ 18:30', '목': '09:30 ~ 18:30', '휴무일': '공휴일'}"
유앤아이의원 명동점,,중구 남대문로 78 타임워크명동빌딩 3층 F301호,//img1.kakaocdn.net/cthumb/local/C544x408.q50/?fname=http%3A%2F%2Ft1.kakaocdn.net%2Fmystore%2FDA88035EFBB04ADB92CB00BA686AEF59,"[{'작성자': '', '별점': '', '날짜': '', '내용': ' ', '좋아요': '0'}]","{'금': '10:00 ~ 20:30', '토': '10:00 ~ 16:00', '일': '10:00 ~ 16:00', '월': '10:00 ~ 20:30', '화': '10:00 ~ 20:30', '수': '10:00 ~ 20:30', '목': '10:00 ~ 20:30', '휴무일': '석가탄신일, 추석전날, 추석당일, 추석다음날, 설전날, 설당일, 설다음날, 현충일, 광복절, 한글날, 성탄절'}"
우주연한의원,4.8,종로구 북촌로12길 41 2층,//img1.kakaocdn.net/cthumb/local/C544x408.q50/?fname=http%3A%2F%2Ft1.kakaocdn.net%2Ffiy_reboot%2Fplace%2FEE8BB5A99A804A0296AF4AE2682FF137,"[{'작성자': '뷰zlEl걸', '별점': '5.0', '날짜': '2024.05.16.', '내용': '아직도 여기만한 곳을 못찾아서 멀어도 계속 다니는 중..', '좋아요': '0'}, {'작성자': '조채훈', '별점': '5.0', '날짜': '2022.12.03.', '내용': '이젠 멀어서 못 가는데,\n여기 만한 곳이 없었습니다.\n진료와 치료 과정이 꼼꼼합니다.', '좋아요': '0'}, {'작성자': '바나나껍질', '별점': '5.0', '날짜': '2021.03.13.', '내용': '원장님 너무 좋으시고 추나 실력도 좋으세요 직원분들도 다 친절하십니다', '좋아요': '0'}]","{'금': '10:00 ~ 19:00', '토': '10:00 ~ 15:30', '일': '휴무일', '월': '10:00 ~ 19:00', '화': '10:00 ~ 19:00', '수': '10:00 ~ 19:00', '목': '10:00 ~ 19:00', '휴무일': '매주 일요일'}"
권오택치과의원,5.0,중구 을지로 154,,"[{'작성자': '류현욱 Louis.', '별점': '5.0', '날짜': '2024.05.03.', '내용': '모두 항상 친절하시고 선생님이 진료를 너무 잘해주십니다.', '좋아요': '0'}]","{'금': '09:30 ~ 18:00', '토': '09:30 ~ 12:00', '월': '09:30 ~ 18:00', '화': '09:30 ~ 18:00', '수': '09:30 ~ 18:00', '목': '09:30 ~ 18:00'}"
연세고운미소치과의원 종로점,,"종로구 종로 19 르메이에르 종로타운 3층 304-1,2,3,305호",//img1.kakaocdn.net/cthumb/local/C544x408.q50/?fname=http%3A%2F%2Ft1.daumcdn.net%2Flocalfiy%2F2FF4848944A7406DBB486FB56CCC24EB,"[{'작성자': '', '별점': '', '날짜': '', '내용': ' ', '좋아요': '0'}]","{'금': '09:30 ~ 18:30', '토': '09:30 ~ 13:30', '일': '휴무일', '월': '09:30 ~ 18:30', '화': '09:30 ~ 20:30', '수': '09:30 ~ 18:30', '목': '09:30 ~ 20:30', '휴무일': '공휴일'}"
기분좋은치과의원,4.7,종로구 대학로 19 2층,//img1.kakaocdn.net/cthumb/local/C544x408.q50/?fname=http%3A%2F%2Ft1.kakaocdn.net%2Fmystore%2FB6AA76DFBE83427AA8F44FD6F981220B,"[{'작성자': '은', '별점': '5.0', '날짜': '2024.11.08.', '내용': '치아가 아파서 급하게 방문 했는데 진료도 정말 꼼꼼히 봐주시고 마취도 하나도 안아팠어요.\n설명도 잘 해주셔서 이해 안 되는 ... 더보기', '좋아요': '0'}, {'작성자': '밍망뭉', '별점': '5.0', '날짜': '2024.11.05.', '내용': '연말이라 스케일링 받으러 갔어요.\n간김에 검진도 받고 충치치료도 했는데 친절히 잘 봐주시네요~\n리뷰이벤트도 진행중인 것 같아 선물도 받아왔습니다.', '좋아요': '0'}, {'작성자': '츅구러버', '별점': '5.0', '날짜': '2024.11.05.', '내용': '예약하고 방문했는데 의사선생님도 친절하시고 스케일링 해주신 치과위생사 선생님도 너무 친절하셨어요 2년망에 스케일링하는거라 무서웠는데 괜히 걱정했나싶어요 ㅎㅎ 충치있는 부분도있나 꼼꼼히 확인해주시고... 더보기', '좋아요': '0'}]","{'금': '10:00 ~ 20:00', '토': '휴무일', '일': '휴무일', '월': '10:00 ~ 20:00', '화': '10:00 ~ 19:00', '수': '10:00 ~ 19:00', '목': '10:00 ~ 19:00', '휴무일': '공휴일'}"
위강원한의원,5.0,종로구 대학로 20,//img1.kakaocdn.net/cthumb/local/C544x408.q50/?fname=https%3A%2F%2Fpostfiles.pstatic.net%2FMjAyMzA3MDZfMTU4%2FMDAxNjg4NjI2Mjg3MjAx.PU3C2wHaMWclQLFo_Fs6x8TIayTUnzobeLQ-ZNgdO-og.tOpYyJm-sGpVzibb6Zz6QlpNxbIMPgnMyjYPFBnoQ-8g.JPEG.rkdsoddlv%2FIMG_2375.jpg%3Ftype%3Dw773,"[{'작성자': '悠材', '별점': '5.0', '날짜': '2020.12.05.', '내용': '저희 엄마는 밤에 잠꼬대가 심하고 헛게 보이고 해서 일반 병원에 갔더니 신경안정제 처방해줘서 복용했으나 절대 낫지 않았는데 위강원한의원에서 지어준 한약을.드시고는 바로 좋아지셨다. 명의라고 생각되었다.', '좋아요': '1'}]","{'금': '10:00 ~ 18:30', '토': '10:00 ~ 17:00', '월': '10:00 ~ 18:30', '화': '10:00 ~ 18:30', '수': '10:00 ~ 18:30', '목': '10:00 ~ 18:30'}"
쉼표한의원,5.0,중구 남대문로10길 28 우석빌딩 5층 502호,//img1.kakaocdn.net/cthumb/local/C544x408.q50/?fname=http%3A%2F%2Ft1.daumcdn.net%2Flocalfiy%2FC8FDFC15110A4B0AAAEDD9340992C038,"[{'작성자': '은서준아빠', '별점': '5.0', '날짜': '2021.03.10.', '내용': '추나를 받으러 왔데 너무 친절하세요. 진료받고나니 한결 몸이 풀렸어요^^', '좋아요': '1'}]","{'금': '10:00 ~ 20:00', '토': '10:00 ~ 13:00', '일': '휴무일', '월': '10:00 ~ 20:00', '화': '10:00 ~ 20:00', '수': '10:00 ~ 20:00', '목': '10:00 ~ 20:00', '휴무일': '공휴일'}"
을지바른의원,3.6,중구 충무로 48 2층,//img1.kakaocdn.net/cthumb/local/C544x408.q50/?fname=https%3A%2F%2Fpostfiles.pstatic.net%2FMjAyMzAyMDRfNzEg%2FMDAxNjc1NTE2MzI5ODAw.KK8g6ix5AZaT2WZdvMwetWPuN0g1pJtDhKhGBjCQRvcg.wwfcaXGKNO_7w41r9YW1SD_k_vl1IRwibGy_R-ylEN8g.JPEG.iam_ing00%2FSE-33294e21-5cba-48a7-bfca-ffe86a110981.jpg%3Ftype%3Dw966,"[{'작성자': '뇸뇸냠냠', '별점': '5.0', '날짜': '2025.02.12.', '내용': '진짜 후기 안좋은 이유를 모르겠어요 간호사쌤들 다 친절하시고 의사쌤이 좀 시니컬 하실뿐 기분나쁘거나 약이 안듣거나 그런거 전혀 없어요', '좋아요': '0'}, {'작성자': 'kor', '별점': '1.0', '날짜': '2025.02.07.', '내용': '외과 진료는 하지 맙시다', '좋아요': '0'}, {'작성자': 'Chan’s', '별점': '5.0', '날짜': '2025.01.26.', '내용': '친절하고 자세히 설명해주셔요', '좋아요': '0'}]","{'금': '08:30 ~ 18:30', '토': '08:30 ~ 13:00', '월': '08:30 ~ 18:30', '화': '08:30 ~ 18:30', '수': '08:30 ~ 18:30', '목': '08:30 ~ 18:30'}"
꽃길의원,4.8,종로구 대학로 1 경인빌딩 201호,//img1.kakaocdn.net/cthumb/local/C544x408.q50/?fname=http%3A%2F%2Ft1.kakaocdn.net%2Fmystore%2F942A558F315F4BC186C027AA725B8E07,"[{'작성자': 'yu', '별점': '5.0', '날짜': '2024.08.02.', '내용': '친절하셔요', '좋아요': '0'}, {'작성자': 'ㅇㅅㅁ', '별점': '5.0', '날짜': '2024.07.23.', '내용': '상세하고 친절한 진료해주셔서 좋았어요', '좋아요': '0'}, {'작성자': 'cho', '별점': '4.0', '날짜': '2024.04.20.', '내용': '의사가 친절하고 자세하게 설명해주세요.', '좋아요': '0'}]","{'금': '09:00 ~ 18:00', '토': '09:00 ~ 14:00', '월': '09:00 ~ 18:00', '화': '09:00 ~ 18:00', '수': '09:00 ~ 14:00', '목': '09:00 ~ 18:00'}"
민앤정의원,4.8,종로구 종로5길 7 타워8본관 2층 203호,//img1.kakaocdn.net/cthumb/local/C544x408.q50/?fname=http%3A%2F%2Ft1.kakaocdn.net%2Fmystore%2F1F88F4F5726E495C8E067703CFBB49F8,"[{'작성자': 'goodluck', '별점': '1.0', '날짜': '2025.02.09.', '내용': '알바쓰네. 평점 남긴 사람들 평균 평점 보면 답이 나옴 ㅋㅋㅋㅋ', '좋아요': '0'}, {'작성자': '푸린세스', '별점': '4.0', '날짜': '2025.01.16.', '내용': '더 지켜봐야할듯\n민원장한테 진료받음', '좋아요': '0'}, {'작성자': '강미라', '별점': '1.0', '날짜': '2024.07.05.', '내용': '보톡스 예약하고 회사 반차내고 갔습니다. 사실 여기 5번째방문으로 그전까지는 매우 만족했고, 집도 가까워서  꾸준히 다닐 마음이였어요. ... 더보기', '좋아요': '2'}]","{'금': '10:30 ~ 20:00', '토': '10:30 ~ 15:00', '일': '휴무일', '월': '10:30 ~ 20:00', '화': '10:30 ~ 20:00', '수': '10:30 ~ 20:00', '목': '10:30 ~ 20:00', '휴무일': '공휴일'}"
더클리어의원,4.5,종로구 세종대로 159 세광빌딩 5층,//img1.kakaocdn.net/cthumb/local/C544x408.q50/?fname=http%3A%2F%2Ft1.daumcdn.net%2Flocal%2FkakaomapPhoto%2Freview%2F10370b888963b8f12be5c1e83abca9be049296c0%3Foriginal,"[{'작성자': 'AEYoo', '별점': '5.0', '날짜': '2025.03.11.', '내용': '더클리어 염증주사는 혁명입니다\n네번 이용하고 이제서야 후기 남기는데 1포인트 8천+ 추가포인트당 2천원씩임(문제시 삭제..ㅎ) 효과 직빵에 가성비까지... 더보기', '좋아요': '0'}, {'작성자': '전송', '별점': '1.0', '날짜': '2024.10.24.', '내용': '말만 피부과지 시술일정으로 진료안본다고ㅋㅋㅌㅋㅋ 두드러기 너무 심해서 간건데 약처방이 무슨 한시간 걸리나요? 의료법 개정되면 좋겠네요 진심', '좋아요': '1'}, {'작성자': '뇽', '별점': '2.0', '날짜': '2024.09.04.', '내용': '직원들과 원장님 다들 친절하기보다는 응대를 귀찮아하시는 느낌이에요... 후기들 보고 믿고 갔는데 친절하신 편은 아니세요. 진료 자체도 그냥저냥 꼼꼼함은 ... 더보기', '좋아요': '3'}]","{'금': '10:30 ~ 20:30', '월': '10:30 ~ 19:30', '화': '10:30 ~ 20:30', '수': '10:30 ~ 19:30', '목': '10:30 ~ 19:30'}"
새서울치과의원,5.0,종로구 종로 19 르메이에르종로타운1 3층 302-2호,//img1.kakaocdn.net/cthumb/local/C544x408.q50/?fname=http%3A%2F%2Ft1.daumcdn.net%2Fcfile%2F122521384F17CE3D32,"[{'작성자': '.', '별점': '5.0', '날짜': '2024.04.12.', '내용': '잘해주셔서 감동이었습니다! 지인들이랑 가족들한테도 치과 갈일 있으면 여기로 가라고 엄청 추천해줬어요', '좋아요': '1'}, {'작성자': '굴러라왕구슬', '별점': '5.0', '날짜': '2024.03.19.', '내용': '찐 강추입니다. 전문성 갑, 엄청 친절, 세세한 설명, 과잉진료비 없음. 지인소개로 발 들여 놓았는데  현재는  다른 치과는  못 갑니다.', '좋아요': '1'}, {'작성자': '쥔무새', '별점': '5.0', '날짜': '2022.07.07.', '내용': '너무 친절합니다. 찐 강추!!!!!!!!', '좋아요': '1'}]","{'금': '10:00 ~ 18:00', '토': '09:30 ~ 13:30', '일': '휴무일', '월': '10:00 ~ 18:00', '화': '10:00 ~ 19:00', '수': '10:00 ~ 18:00', '목': '10:00 ~ 18:00', '휴무일': '공휴일'}"
두리원비뇨기과의원,3.8,종로구 대학로 1 3층,,"[{'작성자': '플라워', '별점': '4.0', '날짜': '2025.02.20.', '내용': '잘 치료받았습니다 !', '좋아요': '0'}, {'작성자': 'ㅇㅇ', '별점': '5.0', '날짜': '2024.07.12.', '내용': '최고의 병원!', '좋아요': '0'}]","{'금': '13:00 ~ 18:00', '월': '13:00 ~ 18:00', '화': '13:00 ~ 18:00', '수': '13:00 ~ 18:00', '목': '13:00 ~ 18:00'}"
참가정의학과의원,4.1,종로구 종로 225-1 평창빌딩 2층,//img1.kakaocdn.net/cthumb/local/C1104x408.q50/?fname=https%3A%2F%2Fpostfiles.pstatic.net%2FMjAyMzEyMTNfMTU2%2FMDAxNzAyNDE5NzUzNTgx.xqX7qEb1JIGr_xJgdlIzI38SrEjKhqN2NdShe-eb7pkg.7VjeojgJwTUsWucl4KcyEqlccEo6D6MuQZJXjTtPGsMg.PNG.susan_native%2F%25EC%258A%25A4%25ED%2581%25AC%25EB%25A6%25B0%25EC%2583%25B7_2023-12-13_070211.png%3Ftype%3Dw773,"[{'작성자': '미도', '별점': '1.0', '날짜': '2025.02.24.', '내용': '...? 전화만 해봐도 불친절해서 사람 기분 나쁘게 만드는데 뭐가 친절하다는 거지?? 별것도 아닌건데 왜 짜증이세요?', '좋아요': '0'}, {'작성자': '.', '별점': '5.0', '날짜': '2025.02.06.', '내용': '노후된 시설이긴 하지만 데스크 직원분들이나 의사분 모두 친절하십니다', '좋아요': '0'}, {'작성자': '타락천사', '별점': '3.0', '날짜': '2024.12.27.', '내용': '병원 내부에서 오래된 냄새 남. 의사 진료실은 너저분.', '좋아요': '0'}]","{'금': '09:00 ~ 18:30', '토': '09:00 ~ 14:00', '일': '휴무일', '월': '09:00 ~ 18:30', '화': '09:00 ~ 18:30', '수': '09:00 ~ 18:30', '목': '09:00 ~ 18:30', '휴무일': '매주 일요일'}"
을지트윈타워정형외과의원,4.1,중구 을지로 170 을지트윈타워 3층 301-1호,//img1.kakaocdn.net/cthumb/local/C544x408.q50/?fname=https%3A%2F%2Fblogfiles.pstatic.net%2FMjAyMjEyMDZfODIg%2FMDAxNjcwMzE5OTE0ODky.u94di7uHsutFM7P7Pp4d1--VkPtR8Ilde880vWkJTN4g.16zbIQqqovVTbOIyXUJT7_t4G0ycb30ojMcDKX1NoTYg.PNG.euljitoweros7%2F10_%25EC%259D%2584%25EC%25A7%2580%25EB%25A1%259C%25EC%25A0%2595%25ED%2598%2595%25EC%2599%25B8%25EA%25B3%25BC_%25EB%25B2%2588%25ED%2598%25B8.png%3Ftype%3Dw1,"[{'작성자': '니깟게알거없잖아', '별점': '5.0', '날짜': '2025.03.17.', '내용': '엑스레이에 안나오는거 초음파로 골절 찾아주심!', '좋아요': '0'}, {'작성자': '강창구', '별점': '2.0', '날짜': '2024.12.16.', '내용': '친절하고 의료서비스가 좋아요\n계속 이용하려고 합니다~^^', '좋아요': '0'}, {'작성자': 'illiioll', '별점': '2.0', '날짜': '2024.10.21.', '내용': '비급여 과잉', '좋아요': '0'}]","{'금': '09:00 ~ 20:00', '토': '09:00 ~ 14:00', '일': '휴무일', '월': '09:00 ~ 20:00', '화': '09:00 ~ 20:00', '수': '09:00 ~ 20:00', '목': '09:00 ~ 20:00', '휴무일': '공휴일'}"
한피부과의원,3.9,중구 명동길 26 유네스코회관 3층,//img1.kakaocdn.net/cthumb/local/C544x408.q50/?fname=https%3A%2F%2Fpostfiles.pstatic.net%2FMjAyNDEyMjJfMTEy%2FMDAxNzM0ODAwNzQ1NDE2.fMpoLx_1vb7h6ufqKOJFzPpmhp0DesSsv5GuHepfvXkg.JjXV7tAtsfg8ddKtiOkiOPZPPEJOJvCkd2iHIAVJZpsg.JPEG%2FIMG_3802.jpg%3Ftype%3Dw966,"[{'작성자': 'ㅇㅅㅇ', '별점': '5.0', '날짜': '2025.02.24.', '내용': '다른 병원에서 오진 한 피부염 원장님 덕분에 치료했습니다. 과잉 진료 안하시고 필요한 만큼만 처방해 주심', '좋아요': '0'}, {'작성자': '암에리카노', '별점': '5.0', '날짜': '2024.12.26.', '내용': '만성비염이라 코세척과 약을 달고 살았음에도\n매계절 매순간 콧물 코막힘의 고통에서 벗어나질못했는데 주사 맞고 한 일주일정도 지나니 너무나도 많이 증상이 완화됐습니다..... 더보기', '좋아요': '0'}, {'작성자': '새해', '별점': '5.0', '날짜': '2024.08.01.', '내용': '저기 아래 이크 라는 닉네임으로 작성하신분.\n환자 김ㅇㅇ님. 같이 와서 떽떽거리며 무조건 싸우자고... 더보기', '좋아요': '13'}]","{'금': '09:30 ~ 18:00', '토': '09:30 ~ 13:00', '일': '휴무일', '월': '09:30 ~ 18:00', '화': '09:30 ~ 18:00', '수': '휴무일', '목': '09:30 ~ 18:00', '휴무일': '매주 수요일, 일요일'}"
종로탑치과의원,4.5,종로구 종로 199 한일빌딩 7층 702호,,"[{'작성자': '분별사', '별점': '3.0', '날짜': '2024.12.16.', '내용': '원장님 너무 친절하시고좋은대 치위생사 너무 싸가지임', '좋아요': '0'}, {'작성자': '이주노', '별점': '5.0', '날짜': '2022.08.16.', '내용': '다들 너무 친절해요!\n과잉진료 전혀 없고 진심 추천합니다:)', '좋아요': '0'}, {'작성자': '전미소', '별점': '5.0', '날짜': '2022.08.11.', '내용': '의사 선생님 친절하세요. 병원도 깨끗해요. 직원분들도 다들 친절하셔요', '좋아요': '0'}]","{'금': '09:25 ~ 18:00', '월': '09:25 ~ 18:00', '화': '09:25 ~ 18:00', '수': '09:25 ~ 18:00', '목': '09:25 ~ 18:00'}"
미래이비인후과의원,3.4,중구 무교로 32 효령빌딩 4층 402호,//img1.kakaocdn.net/cthumb/local/C544x408.q50/?fname=http%3A%2F%2Ft1.daumcdn.net%2Flocal%2FkakaomapPhoto%2Freview%2Fb5bf9c45915123d6164525b5747f56141bc1bd16%3Foriginal,"[{'작성자': 'Katherine', '별점': '1.0', '날짜': '2024.07.29.', '내용': '마감은 18:30 😡 \n접수처 간호사분도 불친절하네요', '좋아요': '0'}, {'작성자': '서승민', '별점': '1.0', '날짜': '2024.07.29.', '내용': '6시 30분에 병원 도착이여도 진료 마감이라고 내보내네요..', '좋아요': '0'}, {'작성자': 'ジン(珍)、Kim woo-jin', '별점': '5.0', '날짜': '2024.06.27.', '내용': '원장님께서 친절하시구 진료를 엄청 잘 보십니다!', '좋아요': '0'}]","{'금': '09:00 ~ 18:00', '토': '휴무일', '일': '휴무일', '월': '09:00 ~ 19:00', '화': '09:00 ~ 19:00', '수': '09:00 ~ 19:00', '목': '09:00 ~ 19:00', '휴무일': '공휴일'}"
라임플란트치과의원,4.0,종로구 종로 191 대연빌딩 3층,,"[{'작성자': '댕댕이', '별점': '5.0', '날짜': '2020.07.03.', '내용': '대도심에 있어서 동네랑 너무 다르면 어쩌지 걱정했는데 막상 가서 진료 받아보니 아주 훌륭합니다', '좋아요': '0'}]","{'금': '09:30 ~ 18:00', '토': '09:30 ~ 13:00', '월': '09:30 ~ 18:00', '화': '09:30 ~ 18:00', '수': '09:30 ~ 18:00', '목': '09:30 ~ 18:00'}"
런던치과의원,4.6,종로구 종로5길 97 2층,//img1.kakaocdn.net/cthumb/local/C544x408.q50/?fname=http%3A%2F%2Ft1.daumcdn.net%2Flocalfiy%2FBD9213ED0116438CA8AED0D6F91CCE83,"[{'작성자': '김박사', '별점': '5.0', '날짜': '2024.05.02.', '내용': '선생님께서 정말 꼼꼼한 설명과 함께 잘 봐주시고 직원분들과의 분위기도 좋습니다. 치과에 있는 내내 편안하고 믿음도 가서 앞으로도 계속 이용하고 싶은 치과에요!', '좋아요': '0'}, {'작성자': '강산에들밥', '별점': '5.0', '날짜': '2024.04.11.', '내용': '급하게 처치 받을 일이 있어서 근처로 방문한 건데 신속 정확하게 필요한 것만 봐주시고 처리해 주셨습니다. 조금만 말씀 드려도 명확히 이해하고 처치해 주셔서 편하게 끝냈네요! 앞으로도 재방문 의사 있습니다.', '좋아요': '0'}, {'작성자': '숨고', '별점': '2.0', '날짜': '2023.12.06.', '내용': '가격은 평균이구요, 실력등 크게 메리트있지는 않았어요. 그냥 저냥 급할때 아니면 안갈거 같아요.', '좋아요': '0'}]","{'금': '10:00 ~ 19:00', '토': '휴무일', '일': '휴무일', '월': '10:00 ~ 19:00', '화': '10:00 ~ 19:00', '수': '10:00 ~ 19:00', '목': '10:00 ~ 19:00', '휴무일': '매주 토요일, 일요일'}"
온유마취통증의학과의원,4.9,중구 을지로 51 내외빌딩 4층,//img1.kakaocdn.net/cthumb/local/C544x408.q50/?fname=http%3A%2F%2Ft1.kakaocdn.net%2Fmystore%2F37169B2C8A5846CCB4653D2A7E83E378,"[{'작성자': '쭈현', '별점': '5.0', '날짜': '2025.03.27.', '내용': '주차 가능하고 도수치료실 개별로 있어서 편했어요', '좋아요': '0'}, {'작성자': '한낱', '별점': '5.0', '날짜': '2025.03.25.', '내용': '이근처 통증병원중에 젤 깨끗한듯ㅎㅎ', '좋아요': '0'}, {'작성자': '고즈넉히', '별점': '5.0', '날짜': '2025.03.21.', '내용': '실력이 좋아요. 어머니 추천드렸습니다.', '좋아요': '0'}]","{'금': '09:30 ~ 19:30', '토': '휴무일', '일': '휴무일', '월': '09:30 ~ 19:30', '화': '09:30 ~ 19:30', '수': '09:30 ~ 19:30', '목': '09:30 ~ 19:30', '휴무일': '매주 토요일, 일요일'}"
경희 김주원한의원,5.0,중구 수표로 45 비즈센터 11층 1114~1116호,//img1.kakaocdn.net/cthumb/local/C1104x408.q50/?fname=http%3A%2F%2Ft1.kakaocdn.net%2Fmystore%2F2A6A4AEFD0644F49AC795DD39D5B6BD2,"[{'작성자': '김민주', '별점': '5.0', '날짜': '2023.01.24.', '내용': '정말 최고의 한의원인것 같아요\n전 스트레스성으로 몸이 여기저기 돌아가면서 자주 아파서 병원 동네한의원 안가본곳 없는데 잘 낫지 않아서 여기한의원만 ... 더보기', '좋아요': '0'}, {'작성자': 'Shim', '별점': '5.0', '날짜': '2021.12.23.', '내용': '골프 치다가 허리 못움직이는데 침 한번 맞고 나았어요. 어깨 치료도 받고 있는 중', '좋아요': '0'}]","{'금': '09:30 ~ 18:00', '토': '휴무일', '일': '휴무일', '월': '09:30 ~ 18:00', '화': '09:30 ~ 18:00', '수': '09:30 ~ 18:00', '목': '09:30 ~ 18:00', '휴무일': '공휴일'}"
사계절한의원,5.0,중구 을지로 80-1 보승빌딩 3층,//img1.kakaocdn.net/cthumb/local/C544x408.q50/?fname=http%3A%2F%2Ft1.daumcdn.net%2Fcfile%2F224DE949554D684E03,"[{'작성자': '요미요미', '별점': '5.0', '날짜': '2023.10.22.', '내용': '증상에 대해 잘 듣고 치료를 해주셔서 빠른 회복이 가능한 것 같아요. 이렇게 몸이 가볍고 안아플 수 있는건데 빨리 올 걸 그랬어요\n선생님, 간호사분들 다 친절하십니다.', '좋아요': '0'}, {'작성자': '러키요미', '별점': '5.0', '날짜': '2023.10.22.', '내용': '전문적이고 과잉진료를 하지않습니다. 제 주변에 많이 소개 했는데 다들 만족합니다.', '좋아요': '0'}, {'작성자': '유재 🎀', '별점': '5.0', '날짜': '2021.11.24.', '내용': '원장님과 직원분들 모두 친절해서 좋았어요!', '좋아요': '0'}]","{'금': '09:00 ~ 19:30', '토': '10:00 ~ 13:00', '일': '휴무일', '월': '09:00 ~ 19:30', '화': '09:00 ~ 19:30', '수': '09:00 ~ 19:30', '목': '09:00 ~ 19:30', '휴무일': '매주 일요일'}"
을지로참내과의원,3.1,"중구 을지로 164 베스트웨스턴호텔국도 지하1층,3층",//img1.kakaocdn.net/cthumb/local/C544x408.q50/?fname=https%3A%2F%2Fpostfiles.pstatic.net%2FMjAyNDEyMDRfMjgg%2FMDAxNzMzMjk4Mjg3MTg0.oIVYi74InqE6d_KssqVsKxFz2WJr1Hc-D1EZQTKIPfIg.gNcOANTaPT4tXakTUUpwUyHMuPkOfxVjFh_F_9eERRYg.PNG%2F20241204_164327.png%3Ftype%3Dw966,"[{'작성자': 'Papado', '별점': '1.0', '날짜': '2024.10.29.', '내용': '카운터 오른쪽여자 개불친절하네\n그리고 약을 과다하게줌..', '좋아요': '0'}, {'작성자': '대단하다대단해', '별점': '1.0', '날짜': '2024.10.13.', '내용': '여기서 내시경 했었는데 cd 받아서 \n이사한 동네 내과가서 좀 봐달라고 하니까\n내시경 찍은게 사진... 더보기', '좋아요': '0'}, {'작성자': '봄에는 벚꽃', '별점': '1.0', '날짜': '2024.08.14.', '내용': '원장님 좋아서 방문하는데\n여자의사분 진료봣는데 진짜 별로요\n설명도... 더보기', '좋아요': '0'}]","{'금': '08:30 ~ 19:00', '토': '08:30 ~ 13:00', '월': '08:30 ~ 19:00', '화': '08:30 ~ 19:00', '수': '08:30 ~ 19:00', '목': '08:30 ~ 19:00'}"
클래식피부과의원 classic clinic,4.5,중구 명동길 60 Tavenue빌딩 5층,//img1.kakaocdn.net/cthumb/local/C1104x408.q50/?fname=http%3A%2F%2Ft1.daumcdn.net%2Flocal%2FkakaomapPhoto%2Freview%2Ffa36c79d9e457bf34f3b91065447f5beb34ad900%3Foriginal,"[{'작성자': '둥연', '별점': '5.0', '날짜': '2025.02.05.', '내용': '의사선생님이 친절하시고 과잉진료 없습니다\n빠른 시간안에 필요한 것을 잘 알려주셔서 마음에 들어요', '좋아요': '0'}, {'작성자': 'abc', '별점': '5.0', '날짜': '2024.12.10.', '내용': '친절하시고 딱 필요한것만 말씀해주시는거 같아요 주사도 꼼꼼히 놔주시네요', '좋아요': '0'}, {'작성자': '조연제 ( Dean )', '별점': '5.0', '날짜': '2024.09.09.', '내용': '꼭 후기 작성해야지 했는데 원장님, 병원 간호사 선생님들 일동 너무 친절하시고 너무 전문적으로 잘 봐주셔서 마음 편안히 진료 받았습니다 직장인들 퇴근 후에 갈 수 있도록 외래 시간도 늦게까지 넉넉해서 너무 추천합니다', '좋아요': '0'}]","{'금': '10:30 ~ 20:20', '토': '09:30 ~ 15:30', '일': '휴무일', '월': '10:30 ~ 20:20', '화': '10:30 ~ 20:20', '수': '15:00 ~ 20:20', '목': '10:30 ~ 20:20', '휴무일': '공휴일'}"
연세이비인후과의원,,중구 남대문로9길 51 효덕빌딩 5층,,"[{'작성자': '', '별점': '', '날짜': '', '내용': ' ', '좋아요': '0'}]","{'금': '09:00 ~ 18:00', '토': '휴무일', '일': '휴무일', '월': '09:00 ~ 18:00', '화': '09:00 ~ 18:00', '수': '09:00 ~ 18:00', '목': '09:00 ~ 18:00', '휴무일': '공휴일'}"
산치과의원,3.4,중구 남대문로9길 40,,"[{'작성자': '강명구', '별점': '5.0', '날짜': '2024.07.21.', '내용': '원장님의 실력이 최고라는 생각입니다.', '좋아요': '0'}, {'작성자': 'ㅇㅇ', '별점': '1.0', '날짜': '2023.03.03.', '내용': '사랑니 2개 뽑으라 하시고 큰 금액 이야기 하셨는데 다른 곳 가니 충지도 점보다 작다고 보존적 치료 추천 하셔서 스케일링만 하고 나왔습니다\n레진 해도 되는걸 크라운 하라고 하셨어요', '좋아요': '0'}, {'작성자': '오키도키', '별점': '5.0', '날짜': '2021.03.27.', '내용': '토요일 오전인데 문앞에 진료 받으려는 사람들로 문전성시 상태 ㅎㅎ 안에 들어가지도 못 하고 계속 서 있는중 다리 아프다 ㅠ', '좋아요': '0'}]","{'금': '10:00 ~ 17:30', '토': '09:30 ~ 12:30', '월': '10:00 ~ 20:00', '화': '10:00 ~ 17:30', '수': '10:00 ~ 17:30', '목': '10:00 ~ 17:30'}"
사랑담은내과의원,2.0,중구 무교로 32 효령빌딩 6층,,"[{'작성자': '그림', '별점': '5.0', '날짜': '2025.03.05.', '내용': '원장님 셩격이 내성적이고 말이 전혀 과장되지 않습니다. 그래서 좀 무뚝뚝해 보이는것 같습니다. 말을 과장되게 하거나 불확실한것을 일단 옳다고 주장하는 의사... 더보기', '좋아요': '0'}, {'작성자': '이효정', '별점': '5.0', '날짜': '2025.01.14.', '내용': '출장왔다 감기약이 똑 떨어져서 갔는데, 증상을 잘 물어봐주시고 과잉처방하지 않고 딱 필요한 약만 처방해줘서 만족합니다.', '좋아요': '0'}, {'작성자': 'hy', '별점': '1.0', '날짜': '2024.12.27.', '내용': '인사할줄도 모르고 인사받을줄도 모르고, 환자 본인의 상태를 환자가 알지, 의사가 알까, 주사를 놔주라고 하면 놔주면 될것을 약으로 치료가 가능하다고 지랄, 내역서를 보니까 주사 처방 수가가 낮음, 다시는 안감', '좋아요': '1'}]","{'금': '09:00 ~ 18:00', '토': '휴무일', '일': '휴무일', '월': '09:00 ~ 18:00', '화': '09:00 ~ 18:00', '수': '09:00 ~ 18:00', '목': '09:00 ~ 18:00', '휴무일': '공휴일'}"
서울힐링의원,2.9,종로구 종로 193 세진빌딩 5층,,"[{'작성자': '뚜르루', '별점': '4.0', '날짜': '2023.10.27.', '내용': '독감 예방접종차 회사 근처라 그냥 와봤는데 원장님 설명해주시는 부분이나 진료 절차같은게 체계적이고 깔끔해서 앞으로 종종 올 것 같습니다.', '좋아요': '0'}, {'작성자': '이병호', '별점': '5.0', '날짜': '2023.02.13.', '내용': '의사 선생님 간호사분 모두 친절하고 좋으세요 전에 근처에 다른병원 근무하실때부터 쭈욱 선생님 따라서 다니는 최애 병원입니다 과잉진료도 없고 병원도 깔끔하고 저는 계속 힐링의원만 쭈욱 다니렵니다', '좋아요': '0'}, {'작성자': '인성수', '별점': '1.0', '날짜': '2021.12.24.', '내용': '백신 관련 응대 매우 불친절. 가지 마세요.', '좋아요': '0'}]","{'금': '09:00 ~ 18:00', '토': '09:00 ~ 13:00', '월': '09:00 ~ 18:00', '화': '09:00 ~ 18:00', '수': '09:00 ~ 18:00', '목': '09:00 ~ 18:00'}"
연세센트럴재활의학과의원,,중구 수표로 34 씨티센터타워 2층,//img1.kakaocdn.net/cthumb/local/C544x408.q50/?fname=http%3A%2F%2Ft1.kakaocdn.net%2Fmystore%2FA484C4BDAC864FDBA7FC80E600A2B4DD,"[{'작성자': '', '별점': '', '날짜': '', '내용': ' ', '좋아요': '0'}]","{'금': '09:00 ~ 20:00', '토': '09:00 ~ 13:00', '일': '휴무일', '월': '09:00 ~ 20:00', '화': '09:00 ~ 20:00', '수': '09:00 ~ 20:00', '목': '09:00 ~ 20:00', '휴무일': '공휴일'}"
바이오인프라의원,0.0,종로구 율곡로 190 여전도회관 11층 1109호,//img1.kakaocdn.net/cthumb/local/C544x408.q50/?fname=https%3A%2F%2Fstorep-phinf.pstatic.net%2Fcafe_002%2Foriginal_10.gif%3Ftype%3Dpa50_50,"[{'작성자': '', '별점': '', '날짜': '', '내용': ' ', '좋아요': '0'}]","{'금': '08:30 ~ 17:00', '토': '휴무일', '월': '08:30 ~ 17:00', '화': '08:30 ~ 17:00', '수': '08:30 ~ 17:00', '목': '08:30 ~ 17:00', '휴무일': '매달 첫번째, 세번째, 다섯번째, 마지막 토요일'}"
반석치과보존과치과의원,5.0,중구 무교로 19 더익스체인지서울몰 4층,//img1.kakaocdn.net/cthumb/local/C544x408.q50/?fname=http%3A%2F%2Ft1.kakaocdn.net%2Fmystore%2FB7AF9BA9578B40A3B4D129301331FA49,"[{'작성자': 'nyam', '별점': '5.0', '날짜': '2024.09.27.', '내용': '제 인생 치과입니다 앞으로 보존과 치료는 여기만 갈 것 같아요 신경치료 했는데 너무 나긋나긋하시고 손길도 조심스러우셔서 매번 asmr 이었습니다.. 치과 가는게 기대될 정도.. 치... 더보기', '좋아요': '1'}]","{'금': '10:00 ~ 18:30', '토': '10:00 ~ 14:00', '일': '휴무일', '월': '10:00 ~ 20:00', '화': '10:00 ~ 20:00', '수': '10:00 ~ 20:00', '목': '10:00 ~ 18:30', '휴무일': '공휴일, 2025년 4월 24일 휴무'}"
서울을지로숲정신건강의학과의원,5.0,중구 삼일대로 358 2층,,"[{'작성자': '연수정', '별점': '5.0', '날짜': '2024.09.13.', '내용': '원장님 짱 친절하시고 안내 해주시는 분들도 좋습니다. \n새로 생긴곳이라 그런지 분위기가 아주 좋네요. \n원장님이 제 이야기 잘 들어주... 더보기', '좋아요': '0'}]","{'금': '10:00 ~ 19:00', '토': '10:00 ~ 14:00', '월': '10:00 ~ 19:00', '화': '10:00 ~ 19:00', '수': '10:00 ~ 19:00', '목': '10:00 ~ 19:00', '휴무일': '공휴일'}"
옥토한의원,4.0,종로구 세종대로 159 세광빌딩 7층,//img1.kakaocdn.net/cthumb/local/C544x408.q50/?fname=https%3A%2F%2Fpostfiles.pstatic.net%2FMjAyNTAyMTNfMjUg%2FMDAxNzM5NDU1MDgyMDIw.7HcQasYG5BAu8ml6y_UWPMugApCRhHH5PThUGNWnDNMg.QWU_o4jyb2HXBR9xYfy27cYXR-7V7ahYUvPWyq2JURcg.JPEG%2FIMG_7409.jpg%3Ftype%3Dw966,"[{'작성자': '평가왕', '별점': '5.0', '날짜': '2024.03.05.', '내용': '진료실에 흘 깔아 줍니까??', '좋아요': '0'}, {'작성자': '쌈닭', '별점': '1.0', '날짜': '2023.03.03.', '내용': '체질에 따른 진단한다면서 먹으면 안 되는 음식을 열거해놨는데, 안그래도 입 짧은 사람이 어찌나 신봉하는지 아침저녁으로 반찬투정. 돼지고기 닭고기 어패류 다 안 되면 서민 살림에 끼니마다 ... 더보기', '좋아요': '0'}, {'작성자': '배사장', '별점': '5.0', '날짜': '2022.12.30.', '내용': '넘어진후 손가락 절임혐상이 있어서 갔는데 다 나았구요 허리도 말끔히 치료가되었습니다. 무엇보다 정확한진단과 치료과정중 환자의 마음을 편하게 해주셔서 믿고 치료받을 수 있었습니다', '좋아요': '1'}]","{'금': '09:00 ~ 19:30', '토': '09:00 ~ 13:00', '월': '09:00 ~ 19:30', '화': '09:00 ~ 19:30', '수': '09:00 ~ 17:30', '목': '09:00 ~ 18:00'}"
서울락비뇨기과의원,3.0,종로구 종로 19 르메이에르빌딩 3층 325호,//img1.kakaocdn.net/cthumb/local/C544x408.q50/?fname=https%3A%2F%2Fsearch.pstatic.net%2Fcommon%2F%3FautoRotate%3Dtrue%26quality%3D95%26type%3Dw750%26src%3Dhttps%253A%252F%252Fldb-phinf.pstatic.net%252F20180813_222%252F1534151939087pdhzx_JPEG%252FkejS5l5KG1K7A4JCqCq4Ovet.jpg,"[{'작성자': '맘보', '별점': '5.0', '날짜': '2023.08.21.', '내용': '원장님의 깔끔하고 명료한 답변\n스타일상 과잉진료 없으실분 같습니다~', '좋아요': '3'}, {'작성자': 'Samc', '별점': '1.0', '날짜': '2022.10.18.', '내용': '데스크 직원들 최악', '좋아요': '0'}]","{'금': '09:30 ~ 18:30', '토': '휴무일', '일': '휴무일', '월': '09:30 ~ 18:30', '화': '09:30 ~ 18:30', '수': '09:30 ~ 18:30', '목': '09:30 ~ 18:30', '휴무일': '공휴일'}"
라임나무치과병원 명동점,3.5,중구 명동길 43 신한은행빌딩 7층,//img1.kakaocdn.net/cthumb/local/C544x408.q50/?fname=https%3A%2F%2Fpostfiles.pstatic.net%2FMjAyNDEyMTZfMTE1%2FMDAxNzM0MzMyMTY3MDE5.ysQ-Yn6a4rZ2IdRcpVy3_X_8UawgOJ35vGQSvf82Y6wg.raLJWqDr3TW9bkbwMUA6CfbDsHDbWVOwHMDRHEMWzOwg.JPEG%2FDSC07357_007.JPG%3Ftype%3Dw966,"[{'작성자': '아스쿠미', '별점': '1.0', '날짜': '2025.01.15.', '내용': '혹시나해서 봤는데 인포 응대 에대한 후기가 역시나보이네요. 오래전부터 다닌 치과인데.\n인포의 말투나 친절에 대해... 더보기', '좋아요': '0'}, {'작성자': '낡은차', '별점': '3.0', '날짜': '2024.11.25.', '내용': '아내가 탤런트 모 아무개..\n의술은  !̆̈  ?̊̈!̆̈?̊̈!̆̈?̊̈ 어느정도 괜찮은 듯 하지만... 더보기', '좋아요': '0'}, {'작성자': '교로교로', '별점': '2.0', '날짜': '2024.04.08.', '내용': '이전에는 오랜만에 찾아온 고객 특징까지 기억해줄정도로 친절해서 이런 치과 요즘 없다며 주변에 소개도 많이 해줬었어요. 그런데 요즘은 예약하려고 전화할때마다 기분나쁜 느낌을 지울수가 없네요. 나만 그렇... 더보기', '좋아요': '5'}]","{'금': '09:30 ~ 20:30', '토': '09:30 ~ 14:30', '일': '휴무일', '월': '09:30 ~ 18:30', '화': '09:30 ~ 20:30', '수': '09:30 ~ 18:30', '목': '09:30 ~ 18:30', '휴무일': '매주 일요일'}"
연세공감마취통증의학과의원 을지로점,4.5,중구 남대문로9길 40 센터플레이스 3층 304~312호,//img1.kakaocdn.net/cthumb/local/C544x408.q50/?fname=http%3A%2F%2Ft1.daumcdn.net%2Fplace%2F824FEC2E092C41ABA3B83C5F3F0C726F,"[{'작성자': '신정우', '별점': '1.0', '날짜': '2025.03.12.', '내용': '선생님은 친절하신 반면 애매한 설명만 하는게 별로네요.', '좋아요': '0'}, {'작성자': 'Lee SHye', '별점': '5.0', '날짜': '2024.11.28.', '내용': '엄마가 허리를 다치셔서 \n유명하다는 목동 힘ㅊ 병원 모시고 갔는데 수술을권하길래 \n이건 ... 더보기', '좋아요': '0'}, {'작성자': 'JY', '별점': '5.0', '날짜': '2024.08.21.', '내용': '원장님께서 환자에 대한 세심한 부분까지 살펴주세요^^ 정확한 진단과 치료로 효과 많이 보았네요!! 감사드립니다^^', '좋아요': '0'}]","{'금': '09:30 ~ 20:00', '토': '휴무일', '일': '휴무일', '월': '09:30 ~ 20:00', '화': '09:30 ~ 20:00', '수': '09:30 ~ 20:00', '목': '09:30 ~ 20:00', '휴무일': '공휴일'}"
서울대학교병원 신경과,0.0,종로구 대학로 101,,"[{'작성자': '', '별점': '', '날짜': '', '내용': ' ', '좋아요': '0'}]","{'금': '08:00 ~ 18:00', '토': '08:00 ~ 13:00', '일': '휴무일', '월': '08:00 ~ 18:00', '화': '08:00 ~ 18:00', '수': '08:00 ~ 18:00', '목': '08:00 ~ 18:00', '휴무일': '공휴일'}"
블리비의원 명동점,,중구 남대문로 84 하이드파크 6층,//img1.kakaocdn.net/cthumb/local/C544x408.q50/?fname=https%3A%2F%2Fpostfiles.pstatic.net%2FMjAyNDEyMjlfNjUg%2FMDAxNzM1NDcxNjI1MTE1.7hdDLx_HJX8Y25mTm4_FLWgc0-DHtb9mraANneSEDYkg.qmEuwp_Bt0pRV3BIGUc3lgNkSMUwhm7E5R0C9eFZbUwg.JPEG%2F5.jpg%3Ftype%3Dw773,"[{'작성자': '', '별점': '', '날짜': '', '내용': ' ', '좋아요': '0'}]","{'금': '10:30 ~ 20:30', '토': '10:00 ~ 16:30', '일': '휴무일', '월': '10:30 ~ 20:30', '화': '10:30 ~ 20:30', '수': '10:30 ~ 20:30', '목': '10:30 ~ 20:30', '휴무일': '매주 일요일'}"
연치과의원,4.6,중구 삼일대로 330 평화방송빌딩별관 101호,//img1.kakaocdn.net/cthumb/local/C1104x408.q50/?fname=http%3A%2F%2Ft1.kakaocdn.net%2Ffiy_reboot%2Fplace%2F16A70FA5B4854BD68FA7CF9191F182CF,"[{'작성자': 'asdf', '별점': '5.0', '날짜': '2020.11.18.', '내용': '예약 필수', '좋아요': '0'}, {'작성자': 'spica', '별점': '5.0', '날짜': '2020.10.07.', '내용': '훌륭한 원장선생님 친절하고 설명도 자세히 해주십니다. 7년 넘게 이곳만 다녀요. 과잉진료 없는 대신 철저한 예약제라 몇달에 한번 가기도 하고요. 갈때마다 항상 다음 예약 잡아야해요.', '좋아요': '0'}, {'작성자': '한줄', '별점': '2.0', '날짜': '2020.08.24.', '내용': '예약 필수 입니다. \n갑짝스런 건 ㅠ', '좋아요': '0'}]","{'금': '09:30 ~ 18:00', '토': '09:30 ~ 14:00', '월': '09:30 ~ 18:00', '화': '09:30 ~ 18:00', '수': '09:30 ~ 18:00', '목': '09:30 ~ 18:00'}"
서울송내과의원,5.0,중구 을지로 199-2,//img1.kakaocdn.net/cthumb/local/C1104x408.q50/?fname=http%3A%2F%2Ft1.daumcdn.net%2Flocal%2FkakaomapPhoto%2Freview%2Fe685b366c5e8a817e3eec474dcf567aa68fe1887%3Foriginal,"[{'작성자': '마이뇽', '별점': '5.0', '날짜': '2024.12.24.', '내용': '선생님 설명 최고! 별점 많은 이유가 있네요 ㅎㅎ', '좋아요': '0'}, {'작성자': '니가가라하와이', '별점': '5.0', '날짜': '2024.05.12.', '내용': '다녀본 내과중에 최고! 의사쌤과 데스크쌤들다 친절하고 의사쌤 실력 좋고 입담(?)도 좋으시고 유쾌하십니다.. 자꾸 여쭤보고 싶어져요 ㅋㅋㅋ 가격도 저렴한것 같구요! 피부과 내과 이비... 더보기', '좋아요': '2'}, {'작성자': '미미', '별점': '5.0', '날짜': '2024.04.18.', '내용': '의사선생님께서 증상에 대한 이야기를 경청하며 들어주시고 진찰도 꼼꼼히 잘 해주시는 느낌을 받았습니다. 접수안내해주시는 분들도 친절하고 다 좋았습니다! ^^', '좋아요': '0'}]","{'금': '09:00 ~ 17:30', '토': '09:00 ~ 12:00', '월': '09:00 ~ 17:30', '화': '09:00 ~ 17:30', '수': '09:00 ~ 13:00', '목': '09:00 ~ 17:30'}"
청담한의원,3.3,종로구 종로 19 르메이에르종로타운1 3층 302-1호,//img1.kakaocdn.net/cthumb/local/C544x408.q50/?fname=http%3A%2F%2Ft1.kakaocdn.net%2Fmystore%2F527C87C46D9746AC8CA3DD14B76E1446,"[{'작성자': '고영희', '별점': '5.0', '날짜': '2024.10.31.', '내용': '갈때마다 항상 친절하시고 과잉진료없고 효과도 너무 좋아요!!', '좋아요': '0'}, {'작성자': 'K', '별점': '1.0', '날짜': '2024.09.19.', '내용': '여기서 침맞고 몸이 너무 안 좋아졌어요!!!\n시간이 지나면 낫겠거니 했는데 하도 안 나아서 삶의 질이 넘 떨어지네요 하 진짜', '좋아요': '1'}, {'작성자': 'happynahmoo(문석형)', '별점': '5.0', '날짜': '2023.11.03.', '내용': '리뷰 쓰고싶게 만드는곳. 광화문일대에서 한의원 진료 보실 일 있으시면 꼭들 가보세요. 공진단 정말 효과 좋습니다. 약재도 정말 신경 많이 쓰시는것 같아요.', '좋아요': '0'}]","{'금': '09:30 ~ 20:00', '토': '휴무일', '월': '09:30 ~ 20:00', '화': '09:30 ~ 20:00', '수': '09:30 ~ 20:00', '목': '09:30 ~ 20:00', '휴무일': '매주 토요일'}"
자임당한의원 명동점,4.5,중구 을지로 56 장원빌딩 2~4층,//img1.kakaocdn.net/cthumb/local/C544x408.q50/?fname=http%3A%2F%2Ft1.daumcdn.net%2Flocalfiy%2F12A3ED1A66504BF69FF4A641B03AF7C5,"[{'작성자': '정이', '별점': '4.0', '날짜': '2025.02.12.', '내용': '초반에 잠이 안왔지만,, 지금은 괜찮고 살이 엄청 잘 빠지네요,,,', '좋아요': '0'}, {'작성자': '또잉쟁이', '별점': '4.0', '날짜': '2024.12.23.', '내용': '공비환을 먹고 나서 입맛도 없고 확실히 살이 빠지고 있어 계속 운동중입니다! \n아직 뛰지는 못하지만 1시간이라도 걸으려고 매일 노력중이예요.... 더보기', '좋아요': '0'}, {'작성자': '최고원', '별점': '5.0', '날짜': '2024.11.19.', '내용': '지난번 바프때 공비환 먹고 엄청 난 도움을 받아서 또 처방받았어요 ㅋㅋㅋ 많이 먹어도 절대 안찌는.....', '좋아요': '0'}]","{'금': '10:00 ~ 19:00', '토': '10:00 ~ 16:00', '일': '휴무일', '월': '10:00 ~ 19:00', '화': '10:00 ~ 19:00', '수': '10:00 ~ 19:00', '목': '휴무일', '휴무일': '매주 목요일, 일요일'}"
영락내과의원,2.1,중구 수표로 23,,"[{'작성자': '냥냥쿵', '별점': '4.0', '날짜': '2025.02.05.', '내용': '아래 후기들 평점이 안좋은데 전 맘에 들었어요\n다른 병원들에선 진료도 대충 빨리 끝내고 다음 환자들을 빨리 받아서 회전율을... 더보기', '좋아요': '0'}, {'작성자': 'ss', '별점': '1.0', '날짜': '2025.01.17.', '내용': '감기 때문에 아침 11시 45분 쯤에 도착했는데 카운터에 아무도 없고 점심 시간 표시도 없고 계속 불러도 대답도 안하고 3번쯤 계세요하고 부르니깐 안에서 어떤 여자가 점심시간이에요!! 하고 화냄...점심 시... 더보기', '좋아요': '0'}, {'작성자': 'Maeng', '별점': '1.0', '날짜': '2024.01.05.', '내용': '최악이네요\n진료를 yes or no로 하려하고\n... 더보기', '좋아요': '1'}]","{'금': '10:00 ~ 17:00', '토': '10:00 ~ 12:30', '월': '10:00 ~ 17:00', '화': '10:00 ~ 17:00', '수': '10:00 ~ 17:00', '목': '10:00 ~ 17:00'}"
서울사랑니치과의원,,종로구 종로 19 르메이에르종로타운 3층 301-2호,//img1.kakaocdn.net/cthumb/local/C544x408.q50/?fname=https%3A%2F%2Fpostfiles.pstatic.net%2FMjAyNDExMjhfMTU5%2FMDAxNzMyNzMxOTU2ODc2.H7grAJlHQYF-Y3g3r5oH7gpGPlbRlHgPdRyO0JLZBN8g.crN3IiVI_rez_9M8GXK99ufS1KIDLi6Np60Jg8ZWKewg.JPEG%2FSE-caa8d249-b60c-43a9-ba81-76efb9ee80a5.jpg%3Ftype%3Dw773,"[{'작성자': '', '별점': '', '날짜': '', '내용': ' ', '좋아요': '0'}]","{'금': '10:30 ~ 19:00', '월': '10:30 ~ 19:00', '화': '10:30 ~ 20:00', '수': '휴무일', '목': '10:30 ~ 20:00', '휴무일': '매주 수요일'}"
누가한의원,0.0,중구 을지로14길 12,,"[{'작성자': '', '별점': '', '날짜': '', '내용': ' ', '좋아요': '0'}]",{}
위즈앤미의원,4.9,중구 명동7길 21 아르누보센텀 4층 401~404호,//img1.kakaocdn.net/cthumb/local/C544x408.q50/?fname=http%3A%2F%2Ft1.daumcdn.net%2Fcfile%2F1139F53E4F2B31DF07,"[{'작성자': 'starship', '별점': '1.0', '날짜': '2025.01.04.', '내용': '왈왈 pan', '좋아요': '0'}, {'작성자': '푸린세스', '별점': '4.0', '날짜': '2024.11.28.', '내용': '아이리쥬란 받음. 고민부위들어주고 해줌', '좋아요': '0'}, {'작성자': '🖤', '별점': '5.0', '날짜': '2024.11.19.', '내용': '지방흡입 알아보다 고른곳인데 \n역시나 너무 만족스러워요\n제가 생각하던것보다는 많이 아... 더보기', '좋아요': '0'}]","{'금': '11:00 ~ 21:00', '토': '10:30 ~ 16:30', '일': '휴무일', '월': '11:00 ~ 21:00', '화': '11:00 ~ 20:00', '수': '11:00 ~ 21:00', '목': '11:00 ~ 20:00', '휴무일': '공휴일'}"
박환실비뇨기과의원,4.2,중구 무교로 17 무교빌딩 4층,,"[{'작성자': 'Alex', '별점': '1.0', '날짜': '2025.02.24.', '내용': '여기 오지 마세요. 오늘 다녀왔는데 그냥 무조건 검사하라고 돈 받습니다. 검사비 만만치 않아요', '좋아요': '0'}, {'작성자': '몽', '별점': '5.0', '날짜': '2024.10.18.', '내용': '여의사분인가 했는데 남의사분.\n그래서 어르신 손님이 많던. \n저는 기혼여성이고 방광염으로 방문했습니다. 설명 잘 해주시고 민... 더보기', '좋아요': '0'}, {'작성자': '니냐니뇨', '별점': '5.0', '날짜': '2024.05.10.', '내용': '치료 잘 받고 있어요! 점심시간이 따로 없다고 하시네요 직장인에게 넘 감사한 곳..ㅠㅠㅠ 상세히 알려주셔서 좋아요!', '좋아요': '1'}]","{'금': '09:30 ~ 18:30', '토': '휴무일', '일': '휴무일', '월': '09:30 ~ 18:30', '화': '09:30 ~ 18:30', '수': '09:30 ~ 18:30', '목': '09:30 ~ 18:30', '휴무일': '공휴일'}"
연세이비인후과의원,,종로구 종로 233-1 메디칼라움빌딩 202호,,"[{'작성자': '', '별점': '', '날짜': '', '내용': ' ', '좋아요': '0'}]","{'금': '09:00 ~ 18:00', '토': '휴무일', '일': '휴무일', '월': '09:00 ~ 18:00', '화': '09:00 ~ 18:00', '수': '09:00 ~ 18:00', '목': '09:00 ~ 18:00', '휴무일': '공휴일'}"
당신의숲정신건강의학과의원,4.3,중구 남대문로9길 6 4층,//img1.kakaocdn.net/cthumb/local/C544x408.q50/?fname=https%3A%2F%2Fpostfiles.pstatic.net%2FMjAyNDEwMTlfNTUg%2FMDAxNzI5MzQ3NzE0OTk4._1ZFZuw0ygv6fZ9-bnWZEWuuT665a_4Q4oX9kzv1knYg.iVfJt5f4duM24s1otmilrXz4Zk5SndrVpwt8oIvpbckg.PNG%2FLimbic_lobe_hariadhi.svg.png%3Ftype%3Dw580,"[{'작성자': '가브리엘', '별점': '1.0', '날짜': '2025.02.11.', '내용': '별점은 믿을게 못된다는 것을 처음 느낀 곳.\n후기만. 좋습니다.\n김선생ㅡ 허풍... 더보기', '좋아요': '0'}, {'작성자': '인생이야', '별점': '5.0', '날짜': '2024.09.24.', '내용': '굿굿', '좋아요': '0'}, {'작성자': '대배우', '별점': '5.0', '날짜': '2024.01.07.', '내용': '분위기가 너무 따뜻하고 아늑해서 오기만 해도 마음이 편안해져요. 좋으신 선생님에게 상담받으니 전과는 다른 마음으로 올 한 해를 시작할 수 있을 것 같네요. 그리고 병원에 책 빌릴 수 있는 시스템도 좋아요.', '좋아요': '1'}]","{'금': '10:00 ~ 20:00', '토': '09:00 ~ 13:00', '일': '휴무일', '월': '10:00 ~ 20:00', '화': '10:00 ~ 20:00', '수': '10:00 ~ 20:00', '목': '10:00 ~ 20:00', '휴무일': '매주 일요일'}"
빛울림한의원,,종로구 종로 19 르메이에르 2층,//img1.kakaocdn.net/cthumb/local/C544x408.q50/?fname=https%3A%2F%2Fblogfiles.pstatic.net%2FMjAyMzAyMDdfMTIw%2FMDAxNjc1NzQ1ODI3NDA1.vuwrxmNTUdVKaCodtnjsSYgIPqxvspWKi2Y63SSWp00g.w3IfvjkNejBuk_LqxYZozkcKbcDqO_gJvllZR_t5vLIg.JPEG.lpucbsalmq%2F009.jpg%3Ftype%3Dw1,"[{'작성자': '', '별점': '', '날짜': '', '내용': ' ', '좋아요': '0'}]","{'금': '10:00 ~ 19:00', '토': '10:00 ~ 15:00', '일': '14:00 ~ 18:00', '월': '10:00 ~ 19:00', '화': '10:00 ~ 19:00', '수': '10:00 ~ 19:00', '목': '14:00 ~ 19:00', '휴무일': '공휴일'}"
더맑은클리닉,3.8,중구 을지로 158,//img1.kakaocdn.net/cthumb/local/C1104x408.q50/?fname=http%3A%2F%2Ft1.daumcdn.net%2Flocal%2FkakaomapPhoto%2Freview%2Fe2256646c58c7909e062074c16375486d394b808%3Foriginal,"[{'작성자': 'lemon', '별점': '1.0', '날짜': '2023.01.02.', '내용': '예약 안하면 진료 못본다고 함\n네이버맵이나 카카오맵에 예약필수라고 명시하... 더보기', '좋아요': '0'}, {'작성자': '부흥.', '별점': '5.0', '날짜': '2022.05.17.', '내용': '말이 필요없는 최고의 명의...!!!', '좋아요': '0'}, {'작성자': '미쯔', '별점': '5.0', '날짜': '2021.07.16.', '내용': '친절하시고 똑똑하십니다! ^^', '좋아요': '0'}]",{}
대학로힘정형외과의원,,종로구 율곡로 219-1 2층,//img1.kakaocdn.net/cthumb/local/C544x408.q50/?fname=http%3A%2F%2Ft1.kakaocdn.net%2Fmystore%2FB7D779EACA124C4EB2D442995027BB96,"[{'작성자': '', '별점': '', '날짜': '', '내용': ' ', '좋아요': '0'}]","{'금': '09:00 ~ 18:30', '토': '09:00 ~ 14:00', '일': '휴무일', '월': '09:00 ~ 18:30', '화': '09:00 ~ 18:30', '수': '09:00 ~ 18:30', '목': '09:00 ~ 18:30', '휴무일': '매주 일요일'}"
단아의원,4.3,"중구 명동7길 21 명동아르누보센텀 314,315호",//img1.kakaocdn.net/cthumb/local/C544x408.q50/?fname=https%3A%2F%2Fpostfiles.pstatic.net%2FMjAyNTAyMjZfOTcg%2FMDAxNzQwNTIyMTcwNzYz.drGah_uAethDGqLKaXypddO3IDHQev88b0UIx5xgPSUg.hMTgRoLIbPhplTsFH1yokYhwoKmo0yoZOjqGgDz2tIwg.PNG%2Fimage_1.png%3Ftype%3Dw966,"[{'작성자': '맛집탐방가', '별점': '5.0', '날짜': '2025.02.25.', '내용': '원장님 넘 아름다우시고 친절하세여 ㅎㅎㅎ 스킨부스터 꼼꼼하게 놔주셔서 감사합니다💛💛💛', '좋아요': '0'}, {'작성자': '정파워', '별점': '5.0', '날짜': '2024.08.03.', '내용': '쌤 친절하시고 자연스럽게 너무 잘 해주심\n진심으류 대해주시고 결과가 항상 만족!\n몇년 뒤에도 멀지만 재방문함', '좋아요': '0'}, {'작성자': '라벤더', '별점': '5.0', '날짜': '2022.04.18.', '내용': '의사선생님 매우 친절하세요. 공장형만 다니다가 가봤는데 이런 개인병원이 나은듯...', '좋아요': '0'}]","{'금': '12:00 ~ 21:00', '토': '11:00 ~ 17:00', '일': '휴무일', '월': '12:00 ~ 21:00', '화': '12:00 ~ 21:00', '수': '12:00 ~ 21:00', '목': '휴무일', '휴무일': '매주 목요일, 일요일'}"
한번에치과,5.0,중구 명동9길 23 한양빌딩 5층 502호,//img1.kakaocdn.net/cthumb/local/C544x408.q50/?fname=http%3A%2F%2Ft1.kakaocdn.net%2Fmystore%2FDAFF762572A04BE7904FEBBE0202A9CE,"[{'작성자': '뿌땡이', '별점': '5.0', '날짜': '2024.05.28.', '내용': '선생님과 직원분들이 친절하고 사려깊으십니다. 직장 근처 치과는 앞으로 여기만 갈 것 같아요~', '좋아요': '0'}, {'작성자': 'IJ', '별점': '5.0', '날짜': '2023.10.24.', '내용': '유독 치과치료는 무서워 하는 편이라 몇년전부터 계~속 뻐티고뻐티다가 갔네요ㅎㅎ\n원장쌤, 간호사쌤님들 친절하시고, 치아 상태랑 치료계획등 너무 잘 설명해 주시네요\n아무것도 모르는 저도 쉽게 금방 이해 했어요. ... 더보기', '좋아요': '0'}, {'작성자': 'soyeuni', '별점': '5.0', '날짜': '2022.08.09.', '내용': '사랑니발치 라미네이트 충치치료 했는데\n치료전 설명도 잘해주시고 너무 친절해요.안아프게 치료도 잘되서 완전만족이요.☆☆☆☆☆☆☆☆', '좋아요': '0'}]","{'금': '10:00 ~ 19:00', '토': '10:00 ~ 14:00', '월': '10:00 ~ 20:00', '화': '10:00 ~ 19:00', '수': '10:00 ~ 19:00', '목': '10:00 ~ 20:00'}"
어뉴의원,,중구 무교로 12 정오빌딩 7층,//img1.kakaocdn.net/cthumb/local/C544x408.q50/?fname=https%3A%2F%2Fblogfiles.pstatic.net%2FMjAyMzEyMDdfMTQ2%2FMDAxNzAxOTMyNDkwNDY2.a2O_jRCgkK2Zj65ZIqpfTMFlqMJyxKQ_Sq1uFjZTQdIg.IoCR_axk8l9eMxchfgfAo7jMn06VoPfi03Erryj1lUIg.JPEG.pho410%2F3.jpg%3Ftype%3Dw1,"[{'작성자': '', '별점': '', '날짜': '', '내용': ' ', '좋아요': '0'}]","{'금': '10:00 ~ 20:00', '토': '10:00 ~ 15:00', '일': '휴무일', '월': '10:00 ~ 19:00', '화': '10:00 ~ 20:00', '수': '14:00 ~ 20:00', '목': '10:00 ~ 19:00', '휴무일': '매주 일요일'}"
서울미인치과의원,5.0,중구 삼일대로 340 1층,//img1.kakaocdn.net/cthumb/local/C544x408.q50/?fname=http%3A%2F%2Ft1.kakaocdn.net%2Fmystore%2F681F175C6C874F169C1FA80AF65A6415,"[{'작성자': 'IME LAB 대표 김명기', '별점': '5.0', '날짜': '2023.07.17.', '내용': '스케일링 늘 꼼꼼히 잘 해주시고 제가 다녀본 치과 중에서는 가장 스케일링이 맘에 드는 곳입니다. 실력으로 정평이나 있는 원장님이 운영하는 곳입니다.', '좋아요': '0'}, {'작성자': '탱구리', '별점': '5.0', '날짜': '2023.07.10.', '내용': '2013년 충무로 극동빌딩 시절부터 쭈욱 이곳만 다닙니다.\n원장님이 정말 친절하시고 환자 입장에서 최선의 치료방법을 찾아주세요\n지금은 회사가 이전했지만,  정기적으로 ... 더보기', '좋아요': '2'}]","{'금': '09:30 ~ 18:30', '월': '09:30 ~ 18:30', '화': '09:30 ~ 18:30', '수': '09:30 ~ 18:30', '목': '09:30 ~ 18:30'}"
세란통마취통증의학과의원,4.0,종로구 동호로 408 2층,//img1.kakaocdn.net/cthumb/local/C544x408.q50/?fname=http%3A%2F%2Ft1.daumcdn.net%2Flocal%2FkakaomapPhoto%2Freview%2F93086653614208f2894d3faf6604f41999cb7221%3Foriginal,"[{'작성자': '편안 安 (✿◠‿◠)', '별점': '5.0', '날짜': '2024.10.26.', '내용': '다한증보톡스에 전문지식과\n상세한설명\n환자에 마음을 해아려주시는 의사선... 더보기', '좋아요': '0'}, {'작성자': 'H', '별점': '1.0', '날짜': '2018.12.26.', '내용': '디스크 파열로 방문해서 신경블록주사 몇번 맞았는데 전혀 효과없었음\n처방약도 파열인데 너무 약한 약을 줘서 듣지도 않고요\n이력보니 세브란스병원 마취... 더보기', '좋아요': '0'}, {'작성자': 'ss', '별점': '5.0', '날짜': '2018.10.08.', '내용': '진짜 이 시대의 몇 안되는 참의사이십니다~', '좋아요': '1'}]","{'금': '09:00 ~ 17:00', '토': '09:00 ~ 17:00', '일': '휴무일', '월': '휴무일', '화': '09:00 ~ 17:00', '수': '09:00 ~ 17:00', '목': '09:00 ~ 17:00', '휴무일': '매주 월요일, 일요일'}"
윤윤보내과의원,4.5,중구 명동3길 6 개양빌딩 11층 1101호,//img1.kakaocdn.net/cthumb/local/C1104x408.q50/?fname=http%3A%2F%2Ft1.daumcdn.net%2Flocal%2FkakaomapPhoto%2Freview%2F285ff3a1170e29c930214d87a837ba3e054b0e57%3Foriginal,"[{'작성자': '이도현', '별점': '5.0', '날짜': '2025.02.28.', '내용': '운동도 하고 식단도 조절하는데 혈당이 떨어지지 않아서 병원 다녀왔어요.\n집에서 펩티드요법을 병행하니 점점 혈당이 안정되는 것 같아 안심됩니다. 감사합니다.', '좋아요': '0'}, {'작성자': '웬만하면다잘먹는막입', '별점': '5.0', '날짜': '2024.04.28.', '내용': '다른 내과의원에 증상을 정확히 적어 갔는데 검사 하자는 말 없었고, 청진기도 대보지 않고, 부위가 어딘지는 몰라도 염증인것 같다며 위염약을 처방해줬는데... 낫지 않아서 사흘 후에 이 병원에 와서 증상 듣고 청진기 대보고 검... 더보기', '좋아요': '0'}, {'작성자': '⠀', '별점': '5.0', '날짜': '2023.09.26.', '내용': '의사선생님이 명인이십니다\n감사합니다.', '좋아요': '1'}]","{'금': '09:00 ~ 17:30', '토': '휴무일', '일': '휴무일', '월': '09:00 ~ 17:30', '화': '09:00 ~ 17:30', '수': '09:00 ~ 17:30', '목': '09:00 ~ 17:30', '휴무일': '공휴일'}"
프라임여성의원,4.8,중구 을지로 199-2 동암빌딩 601호,,"[{'작성자': '스텔라', '별점': '5.0', '날짜': '2025.03.11.', '내용': '선생님 좋으시네요\n친절하세요', '좋아요': '0'}, {'작성자': '당근쟁이', '별점': '5.0', '날짜': '2024.12.03.', '내용': '계속 다니는데 너무 좋아서 후기 남기려고 보니까 이미 평점이 높네여. 번창하세요 :)', '좋아요': '0'}, {'작성자': 'Muunee', '별점': '5.0', '날짜': '2023.11.15.', '내용': '간호사 분이 정말 친절하시고 , 의사 선생님도 상담을 잘 해 주셨어요, 제가 위국인이라서 이해하기 좀 어려운 부분들 있었는데 영어로도 설명해주셔서 위국사람이며 이 곳이 진짜 좋은 선택이에요. ^^', '좋아요': '0'}]","{'금': '10:00 ~ 18:00', '토': '10:00 ~ 14:00', '월': '10:00 ~ 18:00', '화': '10:00 ~ 18:00', '수': '10:00 ~ 18:00', '목': '10:00 ~ 18:00'}"
화창한의원,3.0,종로구 종로 199 한일빌딩 지하1층,//img1.kakaocdn.net/cthumb/local/C544x408.q50/?fname=https%3A%2F%2Fpostfiles.pstatic.net%2FMjAyNDAyMjNfOCAg%2FMDAxNzA4Njk0ODI0NTQ3.y5o3TvPxzSK2gQgzYdCqPZNIxRBHFSE0BHV-oGHnUzsg.wOAtpmMPJDQGg4JO_sPQl2wvcoBJwRPygtRT-RwrdXcg.JPEG%2FKakaoTalk_20240223_222429794_01.jpg%3Ftype%3Dw966,"[{'작성자': '마가렛', '별점': '5.0', '날짜': '2025.02.02.', '내용': '전 여기서 진료받고 아픈데가 싹 낫고 완전 힐링해서 갑니다 ~^^원장님께서 너무나 진료를 잘 봐주시고 직원분도 친절하고 너무 좋았어요 ^^명의찾기가 힘든데 화창한... 더보기', '좋아요': '1'}, {'작성자': 'Hi', '별점': '1.0', '날짜': '2024.12.28.', '내용': '진짜 별로였습니다..손목아파서 갔는데 오히려 치료받고나서 더 안좋아져서 다른 한의원 가서 괜찮아졌네요ㅜ', '좋아요': '0'}]","{'금': '09:30 ~ 18:30', '토': '10:00 ~ 15:00', '월': '09:30 ~ 18:30', '화': '09:30 ~ 18:30', '수': '09:30 ~ 18:30', '목': '09:30 ~ 18:30'}"
밝은미소치과의원,5.0,"중구 남대문로9길 12 나전빌딩 3층 302, 303호",//img1.kakaocdn.net/cthumb/local/C544x408.q50/?fname=https%3A%2F%2Fpostfiles.pstatic.net%2FMjAyMzEyMjlfMjY0%2FMDAxNzAzODMyMDMwODU0.LKMEHAc9B8xgfCtI7Fj9vZbBxx2wSl0haI3OUWCG8IEg.KavYJv2214w9JAWYN5yFPiECHCRolM3kcBK-L6AOtHsg.JPEG.gjf10-14%2FIMG_8670.jpg%3Ftype%3Dw773,"[{'작성자': '스피드', '별점': '5.0', '날짜': '2024.12.11.', '내용': '지인 소개로 방문해서 처음 진료받을 때 무서워서 정말 긴장을 많이 했는데 편안하게 치료를 잘 해주셔서 정말 감사했습... 더보기', '좋아요': '0'}, {'작성자': '쫑', '별점': '5.0', '날짜': '2024.06.12.', '내용': '귀찮음을 무릅쓰고, 후기남깁니다.\n여기는 찐입니다. 과잉진료 없습니다. 카운터 계시는 실장님, 간호사선생님, 원... 더보기', '좋아요': '0'}, {'작성자': '요미요미', '별점': '5.0', '날짜': '2023.04.25.', '내용': '1시간 걸리더라도 치과는 여기로 올정도에요\n과잉진료 없고 실력있고 설명을 너무 잘해주세요\n게다가 이렇게 친절... 더보기', '좋아요': '0'}]","{'금': '10:00 ~ 18:30', '토': '10:00 ~ 13:00', '일': '휴무일', '월': '10:00 ~ 18:30', '화': '10:00 ~ 20:00', '수': '10:00 ~ 18:30', '목': '10:00 ~ 18:30', '휴무일': '공휴일'}"
자연과한의원 명동 다이어트,,중구 명동길 55 태흥빌딩 7층 3호,//img1.kakaocdn.net/cthumb/local/C544x408.q50/?fname=http%3A%2F%2Ft1.kakaocdn.net%2Fmystore%2F3BF34C67D3384FDBB614B5BB56737802,"[{'작성자': '', '별점': '', '날짜': '', '내용': ' ', '좋아요': '0'}]","{'금': '10:00 ~ 20:30', '토': '10:00 ~ 15:30', '일': '휴무일', '월': '10:00 ~ 20:30', '화': '14:00 ~ 20:30', '수': '10:00 ~ 20:30', '목': '14:00 ~ 20:30', '휴무일': '공휴일'}"
라이나생명 부속한의원,0.0,종로구 삼봉로 48 라이나타워 13층,//img1.kakaocdn.net/cthumb/local/C544x408.q50/?fname=https%3A%2F%2Fpostfiles.pstatic.net%2FMjAyNDEwMTVfMjM5%2FMDAxNzI4OTk2NDIzMzY0.mINUagHMs4KKHAFF5BlO9vBfNjbywCXoTHRv7Vij6CQg.nHuel1cNnX9RqSqNu8zU58oRb4lWQ_ucoNGtFe61Cd0g.JPEG%2F240925_%25EC%25A3%25BC%25EC%2583%259D%25EB%25AA%2585%25EC%259D%2598%25EC%259B%25901.jpg%3Ftype%3Dw966,"[{'작성자': '', '별점': '', '날짜': '', '내용': ' ', '좋아요': '0'}]",{}
광화문경희한의원,4.5,종로구 세종대로23길 7 3층,//img1.kakaocdn.net/cthumb/local/C544x408.q50/?fname=http%3A%2F%2Ft1.kakaocdn.net%2Fmystore%2FE9973B5A3DD0434A84B94C98CC69F760,"[{'작성자': '헨니', '별점': '5.0', '날짜': '2023.06.08.', '내용': '코로나 증세가 사라지지 않아서 힘들어하고 있었어요. 일정 마치고 지나던 도중에 간판 보고 후기 검색해보니까 괜찮아보여서 가봤... 더보기', '좋아요': '0'}]","{'금': '09:00 ~ 20:00', '월': '09:00 ~ 20:00', '화': '09:00 ~ 20:00', '수': '09:00 ~ 20:00', '목': '09:00 ~ 20:00'}"
자작나무치과의원,4.5,중구 충무로 40-1 3층,//img1.kakaocdn.net/cthumb/local/C544x408.q50/?fname=http%3A%2F%2Ft1.daumcdn.net%2Flocalfiy%2F475749EDC40A42B4A80D0C9B6D0ECB16,"[{'작성자': '에이레네플러스', '별점': '4.0', '날짜': '2024.07.05.', '내용': '스켈링 하러 갔는데 너무 꼼꼼하게 잘 해주셔서 좋았습니다. 구강 사진 보여주며 친절하게 답변 해주시는 부분도 매우 전문적으로 설명 해주셔서 감사합니다.', '좋아요': '0'}, {'작성자': '김태은', '별점': '5.0', '날짜': '2018.03.23.', '내용': '원장 선생님이 정확하고 빠른 손으로 치료해주십니다. 인테리어도 너무 좋아요!!!', '좋아요': '0'}]","{'금': '10:00 ~ 17:00', '토': '휴무일', '일': '휴무일', '월': '10:00 ~ 17:00', '화': '10:00 ~ 20:00', '수': '10:00 ~ 17:00', '목': '10:00 ~ 20:00', '휴무일': '공휴일'}"
연세해맑은치과의원,0.0,종로구 대학로 13 스카이빌딩 4층,//img1.kakaocdn.net/cthumb/local/C544x408.q50/?fname=https%3A%2F%2Fpostfiles.pstatic.net%2FMjAyMzEwMjRfMTE1%2FMDAxNjk4MTA0NzE4NjE1.m3Au4HjEQXtvnNJS62wPteZ7S_EoaVa90dzxN2nlVMIg.KoPjTRkO1P58AaGvFj7XjHJ_HaAVpE06Xg_sEWSeKE8g.JPEG.nester99%2FScreenshot%25EF%25BC%25BF20231024%25EF%25BC%25BF084149%25EF%25BC%25BFNaver_Map.jpg%3Ftype%3Dw466,"[{'작성자': '', '별점': '', '날짜': '', '내용': ' ', '좋아요': '0'}]","{'금': '09:30 ~ 18:30', '토': '09:30 ~ 13:00', '월': '09:30 ~ 18:30', '화': '09:30 ~ 18:30', '수': '09:30 ~ 18:30', '목': '09:30 ~ 18:30'}"
연세종로신경외과의원,2.3,종로구 종로 221,,"[{'작성자': '마몬', '별점': '1.0', '날짜': '2024.09.06.', '내용': '얼굴 경련 때문에 갔는데 별 얘기 듣지도 않고 엑스레이 찍자한 후 목디스크 진단; 그 뒤 뻔한 주사 치료… 진료비 7만 원 냈... 더보기', '좋아요': '1'}, {'작성자': '연이', '별점': '1.0', '날짜': '2021.09.15.', '내용': '편두통하구  어지럼증땜에 갔는데 아픈 이유에 대해선 물어보지도않고 설명한마디없이 무작정 목디스크라면서 주사랑 물리치료  귄유함.너무 한심하구 어이없었음', '좋아요': '0'}, {'작성자': '소봄이사랑해', '별점': '1.0', '날짜': '2020.07.15.', '내용': '편두통때문에 갔는데 목디스크라면서 주사랑 물리치료 권함\n희안하게 이 병원 대기하는 모든사람이 병원비를 5만원 이하로 내는 사람이... 더보기', '좋아요': '5'}]","{'금': '08:00 ~ 18:00', '토': '08:00 ~ 13:00', '월': '08:00 ~ 18:00', '화': '08:00 ~ 18:00', '수': '08:00 ~ 18:00', '목': '08:00 ~ 18:00'}"
더정신건강의학과의원,4.5,중구 남대문로9길 40 센터플레이스 204호,//img1.kakaocdn.net/cthumb/local/C1104x408.q50/?fname=http%3A%2F%2Ft1.daumcdn.net%2Flocalfiy%2Fsearchregister_727120033,"[{'작성자': 'sean', '별점': '5.0', '날짜': '2024.06.07.', '내용': '의사쌤이 좀 묵묵한 편이시라서 처음에는 좀 긴가민가 했지만 항상 말씀에 귀길울여 주시고 약처방도 적절하게 잘해주십니다. 개인적으로는 사무적인 의사분들에 비해 훨 좋았고 덕... 더보기', '좋아요': '0'}, {'작성자': '정장현🎗', '별점': '5.0', '날짜': '2023.12.28.', '내용': '간호사분 친절하시고 의사선생님도 친절히 세세하게 설명 잘해주심 강남쪽 옮겼다가 다시 여기로 감', '좋아요': '1'}, {'작성자': '요밍', '별점': '5.0', '날짜': '2023.03.04.', '내용': '선생님이 약간 딱딱하시긴 하시지만 환자에게 무엇이 필요한지 정확히 알고 계시고 그에 따라 도와주실 수 있는 최대한으로 도와주십니다. 해결중심의 정신과이고 저는 만족합니다', '좋아요': '1'}]","{'금': '10:00 ~ 19:00', '토': '10:00 ~ 13:30', '일': '휴무일', '월': '10:00 ~ 19:00', '화': '10:00 ~ 19:00', '수': '10:00 ~ 19:00', '목': '10:00 ~ 19:00', '휴무일': '공휴일'}"
이영호치과의원,5.0,중구 마른내로 18,,"[{'작성자': '무현', '별점': '5.0', '날짜': '2024.04.03.', '내용': '훌륭합니다', '좋아요': '0'}]","{'금': '10:00 ~ 18:00', '토': '10:30 ~ 13:00', '월': '10:00 ~ 18:00', '화': '10:00 ~ 18:00', '수': '10:00 ~ 18:00', '목': '10:00 ~ 18:00'}"
서울아이비치과,5.0,중구 청계천로 222 BYC건물 2층,,"[{'작성자': '-', '별점': '5.0', '날짜': '2023.02.28.', '내용': '진료 친절하게 봐주시고 대중교통으로 접근성도 좋아요! 치료 후에 주변에 볼거리도 많아요 : D!', '좋아요': '0'}]","{'금': '09:00 ~ 18:00', '토': '09:00 ~ 13:00', '월': '09:00 ~ 18:00', '화': '09:00 ~ 19:30', '수': '09:00 ~ 18:00'}"
청계한의원,5.0,중구 무교로 32 효령빌딩 5층 502호,//img1.kakaocdn.net/cthumb/local/C544x408.q50/?fname=http%3A%2F%2Ft1.daumcdn.net%2Flocalfiy%2F3893F32693E845C7AD416900B017CCF3,"[{'작성자': '갬이', '별점': '5.0', '날짜': '2024.03.16.', '내용': '파워 E 한의원 선생님은 처음이에요! 짱 친절하시네요!!!', '좋아요': '0'}, {'작성자': '아뉘욤', '별점': '5.0', '날짜': '2024.02.02.', '내용': '올때마다 느끼지만 원장님 정말 친절하심. \n무엇보다 진료를 꼼꼼 하게 잘 봐주시고 실력 좋으셔요. 정형외과, 신경과 가도 잘 안나았는데 두번만에 통증 많이 호전됐음🥹 한의원은 여기가 찐입니다.', '좋아요': '0'}]","{'금': '10:00 ~ 19:00', '일': '휴무일', '월': '10:00 ~ 19:00', '화': '10:00 ~ 19:00', '수': '10:00 ~ 19:00', '목': '10:00 ~ 19:00', '휴무일': '공휴일'}"
진심온한의원,4.5,"중구 남대문로9길 40 센터플레이스 2층 213,214호",//img1.kakaocdn.net/cthumb/local/C544x408.q50/?fname=https%3A%2F%2Fpostfiles.pstatic.net%2FMjAyNTAxMDFfNTkg%2FMDAxNzM1NzE2MzgwMjgz.Aaj1qg5y4KlyHg60j6B_4GgvOPqGJz3A5sf-8yrJzZUg.i4-ibOcT6otK2RdrWmGhnUimFnk_hz0n5n2cicOL4Vkg.JPEG%2FSE-c9f8c779-a70f-4d2a-865f-07cc94ed868a.jpg%3Ftype%3Dw386,"[{'작성자': '쉬기~~', '별점': '5.0', '날짜': '2024.06.13.', '내용': '이름그대로 진심을 다하는 곳입니다. 치료는 물론 임/전 원장님과 직원분들의 섬세함과 친절함에 감동~~ 몸이 넘 좋아졌어요^^ 고맙습니다~~~^^', '좋아요': '0'}, {'작성자': '이촌', '별점': '5.0', '날짜': '2024.02.14.', '내용': '굿굿~ 좋아요', '좋아요': '0'}, {'작성자': '\\', '별점': '1.0', '날짜': '2024.01.06.', '내용': '아니.. 밑에 5점 준 사람들 다 광고 같아요.\n그리고 침 값이 너무 비싸네요ㅠ 2만5천원 정도..\n이 근처 한의원들 좀 다녀봤는데 차라리 체육회관에 있는... 더보기', '좋아요': '1'}]","{'금': '10:30 ~ 20:00', '토': '10:30 ~ 14:00', '일': '휴무일', '월': '10:30 ~ 20:00', '화': '10:30 ~ 20:00', '수': '10:30 ~ 20:00', '목': '10:30 ~ 20:00', '휴무일': '공휴일'}"
서울대학교병원 산부인과,1.0,종로구 대학로 101 본관 3층,,"[{'작성자': 'ㅤ', '별점': '1.0', '날짜': '2021.11.16.', '내용': 'https://n.news.naver.com/article/005/0001484211', '좋아요': '1'}]","{'금': '08:00 ~ 18:00', '토': '08:00 ~ 13:00', '일': '휴무일', '월': '08:00 ~ 18:00', '화': '08:00 ~ 18:00', '수': '08:00 ~ 18:00', '목': '08:00 ~ 18:00', '휴무일': '공휴일'}"
MBS한의원,2.3,중구 수표로 45 9층,,"[{'작성자': '밥을먹자', '별점': '5.0', '날짜': '2023.12.08.', '내용': '사람마다 받아들이는 건 다 다릅니다. 약도 부작용이 다 다른거 처럼요... 자기에게 맞지 않는다고모두에게 아닌건 아닙니다.', '좋아요': '0'}, {'작성자': '산사나이', '별점': '1.0', '날짜': '2023.12.02.', '내용': '별 하나도 아깝습니다. 고가 진료에 책임감도 없고. 치료 부작용으로 정신과까지 입원했습니다. 10회 예상하더니 자꾸 치료횟수를 늘리더니 20회 넘게 치료하면서 아주 큰  부작용을 야기시켯고 그 부작용을  치료해주지도 못하... 더보기', '좋아요': '0'}, {'작성자': '평온', '별점': '1.0', '날짜': '2023.02.26.', '내용': '저도 돈만썼어요. 20회정도 했던거 같아요', '좋아요': '1'}]","{'금': '11:00 ~ 21:00', '토': '09:00 ~ 18:00', '일': '휴무일', '월': '11:00 ~ 21:00', '화': '11:00 ~ 21:00', '수': '11:00 ~ 21:00', '목': '11:00 ~ 21:00', '휴무일': '공휴일'}"
탄탄치과,0.0,중구 남대문로10길 28 우석빌딩 501호,,"[{'작성자': '', '별점': '', '날짜': '', '내용': ' ', '좋아요': '0'}]","{'금': '10:00 ~ 19:00', '월': '10:00 ~ 19:00', '화': '10:00 ~ 19:00', '수': '10:00 ~ 20:00', '목': '10:00 ~ 19:00'}"
김용호치과의원,5.0,중구 다동길 43,,"[{'작성자': '구훈', '별점': '5.0', '날짜': '2023.11.23.', '내용': '15년전 치아관리에 대한 지식이 거의 없는 상태에서 심한 치주염 발치와 어금니 부정교합 등 전반적 문제를 원장님께 상담 받고 임플란트와 브릿지 등 다양한 보강조치를 하였습니다. 그때 관... 더보기', '좋아요': '0'}, {'작성자': '이병현', '별점': '5.0', '날짜': '2021.11.01.', '내용': '친절은 기본이고 상세한 설명과 평생의\n치아관리를 위한 관점에서 치료와 조언을\n해 주십니다...치아 주치의론 딱입니다^^', '좋아요': '0'}]","{'금': '10:00 ~ 18:00', '토': '10:00 ~ 13:00', '월': '10:00 ~ 18:00', '화': '10:00 ~ 18:00', '수': '10:00 ~ 18:00', '목': '10:00 ~ 18:00'}"
명동연세치과의원,1.0,중구 명동길 60 T애비뉴 8층,,"[{'작성자': 'ㅁㄴㅇㄹ', '별점': '1.0', '날짜': '2024.07.08.', '내용': '지병있다고 치료 안해줌\n망해라', '좋아요': '0'}]","{'금': '09:00 ~ 17:00', '월': '09:00 ~ 17:00', '화': '09:00 ~ 17:00', '수': '09:00 ~ 17:00', '목': '09:00 ~ 17:00'}"
덕수한의원,5.0,중구 세종대로20길 19 유성빌딩 2층,//img1.kakaocdn.net/cthumb/local/C544x408.q50/?fname=https%3A%2F%2Fpostfiles.pstatic.net%2FMjAyNTAxMDFfMTg4%2FMDAxNzM1NzEzOTU3MTcx.-fAcgRY2G6_8C_dTA8sueUn8AEfKvterV73kEC6h1Zwg.Ioj5Xi9l_7YYKoIekoiCAgcf1jp3a3kPHXVkYyYz3lcg.JPEG%2F900%25EF%25BC%25BFSY%25EF%25BC%25BF00164.jpg%3Ftype%3Dw466,"[{'작성자': '난지금입니다!', '별점': '5.0', '날짜': '2024.06.19.', '내용': '직장근처여서 점심시간에 침 맞으러 5번 정도 내원했는데, 효과도 좋고 다들 친절하세요! 추천합니다', '좋아요': '0'}, {'작성자': '박경호', '별점': '5.0', '날짜': '2021.10.21.', '내용': '실력 좋은 원장님 2일차부터도 벌써 뻐근함이 사라졌네요', '좋아요': '0'}, {'작성자': '마스크잘쓰기', '별점': '5.0', '날짜': '2021.10.21.', '내용': '회사랑 가까워서 방문했고, 발목 치료로 친절하게 침치료 해주시고 간호사분들도 정말 친절하셔서 만족스럽습니다', '좋아요': '0'}]","{'금': '09:30 ~ 19:00', '토': '09:30 ~ 13:00', '일': '휴무일', '월': '09:30 ~ 19:00', '화': '09:30 ~ 19:00', '수': '09:30 ~ 19:00', '목': '09:30 ~ 19:00', '휴무일': '공휴일'}"
연세웰정신건강의학과의원,2.7,중구 남대문로9길 51 511호,//img1.kakaocdn.net/cthumb/local/C544x408.q50/?fname=https%3A%2F%2Fpostfiles.pstatic.net%2FMjAyMzA1MjJfNzYg%2FMDAxNjg0NzQxNzI4Mjc4.Z-Oi04j70h6nq1jKyyQxwyiLgacGd3loCc53mEer8NQg.AUh3BGMbDJUUG3KOSx9be1kIc44i7AaEriplRlzKJXgg.PNG.medico-fact%2Fimage.png%3Ftype%3Dw773,"[{'작성자': '임하은', '별점': '1.0', '날짜': '2025.01.11.', '내용': '전에 광화문에 있던 병원에서부터 연세웰로 옮겨 올때까지 손xx 원장님 진료보면서 다녔었어요. 그때는 아픈지 얼마 안돼서 몰랐는데 지금 다른 병원 좋은 선생님 만나 알게된건 손xx 의사 선생님은 왜 정신과... 더보기', '좋아요': '0'}, {'작성자': 'NightyNight', '별점': '1.0', '날짜': '2024.11.14.', '내용': '불친절한 서비스로 불쾌했던 경우에만 카카오맵 들어와서 후기쓰는 사람인데…. 여기 전화받는 직원 분 심각하네요…왜이렇게 불친절하시냐고 했더니 “아 예~~ 알겠습니다~~~” 하면서 대충대... 더보기', '좋아요': '0'}, {'작성자': '곽재영', '별점': '1.0', '날짜': '2024.10.23.', '내용': '참고로 김지용 원장님은 진료 예약 안받으신다고 합니다 혹시라도 미디어나 유튜브 통해 보고 오신분들 있으실까해서 글 남겨요', '좋아요': '0'}]","{'금': '10:00 ~ 20:00', '토': '09:00 ~ 13:00', '월': '10:00 ~ 20:00', '화': '10:00 ~ 20:00', '수': '10:00 ~ 20:00', '목': '10:00 ~ 20:00'}"
행복한예인치과의원,5.0,중구 남대문로9길 51 효덕빌딩 3층,//img1.kakaocdn.net/cthumb/local/C544x408.q50/?fname=http%3A%2F%2Ft1.daumcdn.net%2Fcfile%2F243854365285BDBC1D,"[{'작성자': '용영고', '별점': '5.0', '날짜': '2024.11.08.', '내용': '직장 근처에 있어 10년 넘게 이용하고 있는데  별 불편함이 없이 관리를 잘 받고 있습니다.\n오늘도 시경치료 잘 받고 왔어요~', '좋아요': '0'}, {'작성자': '김선국', '별점': '5.0', '날짜': '2019.07.29.', '내용': '지금 충치치료,  크라운, 인레이 치료 받고 있는데\n\n완전 만족합니다.\n\n... 더보기', '좋아요': '2'}, {'작성자': 'Kimmi', '별점': '5.0', '날짜': '2019.01.19.', '내용': '과잉진료가 두려웠는데 전혀 없던 곳! 출국 전에 스케일링만 받고 가려고했는데 오랜전에 치료한 아말감도 아직 쓸만 하다고하시고 따로 충치치료 안해도 된다고 말씀해주셔서 너무 좋앗음. 나름 양심치과이신듯', '좋아요': '0'}]","{'금': '09:30 ~ 18:30', '토': '09:30 ~ 14:00', '일': '휴무일', '월': '09:30 ~ 18:30', '화': '09:30 ~ 18:30', '수': '09:30 ~ 20:00', '목': '09:30 ~ 18:30', '휴무일': '공휴일'}"
선재한의원,4.5,중구 명동9길 31 남우빌딩 3층,//img1.kakaocdn.net/cthumb/local/C544x408.q50/?fname=http%3A%2F%2Ft1.daumcdn.net%2Flocal%2FkakaomapPhoto%2Freview%2F761025dea7385bcbeec3af5db86ce29d11bb20ac%3Foriginal,"[{'작성자': '이서현', '별점': '5.0', '날짜': '2020.04.09.', '내용': '디톡스 다이어트 좋아요 ㅎㅎ 체지방 감량에 큰 도움 줍니다! 한약 먹는 기간 동안 매주 한번씩 한의원 가서 뜸 하고 침 맞는데 그것도 힐링되고 좋았습니다.... 더보기', '좋아요': '1'}, {'작성자': 'SJ', '별점': '5.0', '날짜': '2019.06.14.', '내용': '후기 잘 안남기는 사람임. 근데 남겨야겠음.\n장인의 손길을 느낄 수 있음.\n목디스크에 담결러 안돌아가던 목... 더보기', '좋아요': '0'}, {'작성자': 'jkl', '별점': '5.0', '날짜': '2019.06.11.', '내용': '회사근처 한의원 검색해서 진료받았는데\n무거웠던 몸이 매우 가벼워졌네요\n추나치료를 다른 한의원들에서도 ... 더보기', '좋아요': '0'}]","{'금': '09:00 ~ 20:00', '토': '11:00 ~ 15:00', '일': '휴무일', '월': '09:00 ~ 20:00', '화': '09:00 ~ 20:00', '수': '09:00 ~ 20:00', '목': '09:00 ~ 20:00', '휴무일': '공휴일'}"
황혜경치과의원,2.3,중구 남대문로10길 9,,"[{'작성자': 'jj', '별점': '1.0', '날짜': '2021.12.21.', '내용': '불친절', '좋아요': '0'}, {'작성자': '붉은오렌지', '별점': '5.0', '날짜': '2021.06.29.', '내용': '간호사가 바뀌었을까요? 다른 분 리뷰와 달리 저는 가보니 다 친절하더라고요. \n의사선생님도 편하게 해주시고 잘 설명해주셔서 저는 이제 여기로만 가려고 합니다. \n저... 더보기', '좋아요': '0'}, {'작성자': 'Nolza', '별점': '1.0', '날짜': '2020.08.20.', '내용': '간호사들이 친절했으면.. 예약 안하고 가면 좋아하지 않는 눈초리에 매우 뻘쭘해짐. 의사샘은 실력은 있으신 듯 하지만 역시나 물어보기가 엄하고 환자가 엄살을 부리는 것 같은 기분에 눈치를 보게 됨. 총평 불편.', '좋아요': '1'}]","{'금': '10:00 ~ 16:00', '토': '10:00 ~ 13:00', '월': '10:00 ~ 16:00', '화': '10:00 ~ 16:00', '수': '10:00 ~ 16:00'}"
연세모벨르의원,5.0,종로구 종로 213-1,,"[{'작성자': '🌕', '별점': '5.0', '날짜': '2025.03.21.', '내용': '여기 의사선생님 궁금한 거 하나하나 인간적으로 설명해주시는데 감동했습니다 진료비도 착했... 더보기', '좋아요': '0'}]","{'금': '09:30 ~ 19:30', '토': '09:30 ~ 16:00', '월': '09:30 ~ 19:30', '화': '09:30 ~ 19:30', '수': '09:30 ~ 19:30', '목': '09:30 ~ 19:30'}"
서울행복치과의원,5.0,중구 청계천로 204-1 태양빌딩 302호,//img1.kakaocdn.net/cthumb/local/C544x408.q50/?fname=http%3A%2F%2Ft1.daumcdn.net%2Flocal%2FkakaomapPhoto%2Freview%2Fc0cb81006983573ff9a9618b0500321266f35353%3Foriginal,"[{'작성자': '냐냐', '별점': '5.0', '날짜': '2024.04.30.', '내용': '윗쪽 사랑니 한번에 2개 뽑았어요.\n진짜 인생 최고로 감동적인 치과 경험이었어요.\n회사 근처라서 우연히 왔는데.. 의사선생님과 치위생사분들 모두... 더보기', '좋아요': '0'}]","{'금': '09:30 ~ 18:30', '토': '09:30 ~ 13:30', '월': '09:30 ~ 18:30', '화': '09:30 ~ 20:30', '수': '09:30 ~ 18:30', '목': '09:30 ~ 18:30'}"
광화문예치과의원,3.7,중구 무교로 28 시그너스빌딩 2층 202호,,"[{'작성자': '바밤바', '별점': '5.0', '날짜': '2024.02.06.', '내용': '어릴적 치과 트라우마를 없애주는곳!! \n정말 잘 해주십니다!!', '좋아요': '0'}, {'작성자': '유하형', '별점': '5.0', '날짜': '2023.03.16.', '내용': '의사선생님 너무 좋으시고 프로페셔널 하십니다', '좋아요': '0'}, {'작성자': '메롱이다', '별점': '1.0', '날짜': '2022.04.14.', '내용': '너무 불친절해요', '좋아요': '1'}]","{'금': '09:30 ~ 18:00', '월': '09:30 ~ 18:00', '화': '09:30 ~ 18:00', '수': '09:30 ~ 18:00', '목': '10:00 ~ 19:00'}"
경희한의원,0.0,종로구 대학로1길 10 2층,,"[{'작성자': '', '별점': '', '날짜': '', '내용': ' ', '좋아요': '0'}]","{'금': '10:00 ~ 16:30', '월': '10:00 ~ 16:30', '화': '10:00 ~ 16:30', '수': '10:00 ~ 16:30', '목': '10:00 ~ 16:30'}"
을지트윈치과의원,4.0,중구 을지로 170 10층,//img1.kakaocdn.net/cthumb/local/C544x408.q50/?fname=http%3A%2F%2Ft1.kakaocdn.net%2Ffiy_reboot%2Fplace%2F88E9AB65FEE3435EA3E014E9A4FD2D91,"[{'작성자': '니깟게알거없잖아', '별점': '5.0', '날짜': '2024.06.09.', '내용': '과잉진료 없구 친절합니다\n\n을지로5가 사거리 치과 다니다가 일루 옴깁니다', '좋아요': '0'}, {'작성자': '티벳여우', '별점': '5.0', '날짜': '2022.01.20.', '내용': '여기 원장님께 교정했는데 잘되었고 외모변화까지 있어서 만족합니다~', '좋아요': '0'}, {'작성자': 'J', '별점': '1.0', '날짜': '2021.10.18.', '내용': '여기서 건강검진 진료 보더니 충치 다섯 개나 있고 오늘 당장 치료받아야할 수준이라고 했는데 찜찜해서 원래 다니던 병원 가서 정밀검진 받아보니까 충치 없다고 하네요. 멀쩡한 치아 갈고 돈까지 낼 뻔.', '좋아요': '3'}]","{'금': '08:30 ~ 16:00', '토': '08:30 ~ 13:30', '일': '휴무일', '월': '08:30 ~ 16:00', '화': '08:30 ~ 16:00', '수': '08:30 ~ 13:30', '목': '08:30 ~ 16:00', '휴무일': '공휴일'}"
강현수비뇨기과의원,5.0,종로구 새문안로 103-1,,"[{'작성자': '목표확인', '별점': '5.0', '날짜': '2020.06.17.', '내용': '엘리베이터 없는 4층 병원이라 접근성이 떨어지긴하지만 대기 환자도 거의 없고 빨리 진료 받을수 있어요 의사선생님도 친절하시고 피부염증때문으 내원했는데 오전에 치료받고나니 오후에 증세가호전되는게 보일정도네요', '좋아요': '0'}]","{'금': '10:00 ~ 18:30', '월': '10:00 ~ 18:30', '화': '10:00 ~ 18:30', '수': '10:00 ~ 18:30', '목': '10:00 ~ 18:30'}"
메르덴치과의원,5.0,종로구 종로 19 르메이에르종로타운1 405호,//img1.kakaocdn.net/cthumb/local/C544x408.q50/?fname=https%3A%2F%2Fpostfiles.pstatic.net%2FMjAyNDExMjNfMTUw%2FMDAxNzMyMjg5MTcyODk2.tCm-k5Uwzl6vbS9BGbRUHfU90ssBebigmurhre-Lwm4g.uOcP8rnhIhuDshR-IyXQj0DdA0qnKn7o3GpaHfoRwLYg.PNG%2Ftoothbrush-24232_1280.png%3Ftype%3Dw966,"[{'작성자': 'grace', '별점': '5.0', '날짜': '2022.08.06.', '내용': '경희대치과병원 치주과 교수님으로 너무 잘 하시는 분이셨다고 믿고 가라고 추천주셔서 갔는데, 역시 잘하십니다! 감동먹고ㅜ 안도... 더보기', '좋아요': '1'}, {'작성자': '김나영', '별점': '5.0', '날짜': '2021.02.02.', '내용': '이가 흔들리고 씹기불편해서 이제 이를 뽑고 임플란트을 해야하나 어쩌지 고민하고 걱정하다 갔는데 휴~~최대한 본인이빨은 살려오래가는게좋다고 하시면서 여러가지주의사항만 당부해주셨습니다. 감사합니다~^^', '좋아요': '0'}, {'작성자': '란', '별점': '5.0', '날짜': '2021.02.02.', '내용': '치과에가면 늘 떨리고\n치아는 더 아픈 것 같아요..\n충치가 있어 조마조마 하며 갔는데\n닥터샘이... 더보기', '좋아요': '1'}]","{'금': '09:30 ~ 18:30', '토': '09:30 ~ 13:00', '일': '휴무일', '월': '09:30 ~ 18:30', '화': '09:30 ~ 18:30', '수': '09:30 ~ 18:30', '목': '09:30 ~ 18:30', '휴무일': '공휴일'}"
서린치과의원,5.0,중구 무교로 32 효령빌딩 4층 401호,//img1.kakaocdn.net/cthumb/local/C544x408.q50/?fname=https%3A%2F%2Fpostfiles.pstatic.net%2FMjAyMzAyMDlfMTQ5%2FMDAxNjc1OTQyMDY4ODA1.1ewzZ8rG3dlCSycCDkZP4YasxT0l3GGm5gmkx9lGeecg.xbXMEt6M1I9JGVpWxD3wUKdbUMAPlXaTDZu5Mw4Zmc4g.JPEG.zhdzhd2022%2F20230207%25EF%25BC%25BF143820.jpg%3Ftype%3Dw966,"[{'작성자': 'aaa', '별점': '5.0', '날짜': '2022.02.08.', '내용': '너무너무 친절하시고 꼼꼼하시고 좋아서 저희가족 모두 여기로 다닙니다♡늘 감사드립니다♡', '좋아요': '0'}, {'작성자': '띵띠링', '별점': '5.0', '날짜': '2021.12.14.', '내용': '최고예요', '좋아요': '0'}, {'작성자': '햄튼', '별점': '5.0', '날짜': '2021.08.01.', '내용': '최고입니다', '좋아요': '1'}]","{'금': '10:00 ~ 18:00', '월': '10:00 ~ 18:00', '화': '10:00 ~ 18:00', '수': '10:00 ~ 18:00', '목': '10:00 ~ 18:00'}"
리버스클리닉 명동점,4.6,중구 명동길 26 유네스코회관 8층 805호,//img1.kakaocdn.net/cthumb/local/C544x408.q50/?fname=http%3A%2F%2Ft1.kakaocdn.net%2Fmystore%2F6ED6E8F31FC14F249835662E5886A308,"[{'작성자': '딸기맛', '별점': '5.0', '날짜': '2025.01.03.', '내용': '병원 전반적으로 다들 친절하신 거 같아요 응대도 불편하지 않게 해주셨고 대기도 길지 않앗어요! 원장님은 좀 꼼꼼하신 성격이신지 설명을 엄청 잘해주셔서 오히려 너무 좋았네용 ㅎㅎ 다음번에도 여기로 올 거 같아요 감사합니다!!', '좋아요': '0'}, {'작성자': '정석', '별점': '5.0', '날짜': '2024.12.31.', '내용': '주차 하기만 애매하고 나머지는 최고였습니다\n이렇게 꼼꼼히 봐주는 원장님 처음 봤어요!!', '좋아요': '0'}, {'작성자': '너구리', '별점': '5.0', '날짜': '2024.12.31.', '내용': '요즘에 피부 요철이 점점 심해지는 것 같아 근처 피부과 찾다가 근처 노원 리버스 방문하게 되었어요! 피부 시술은 처음이라 살짝 걱정이 되긴 했는데 친절하게 설명 해주시고 시설도 깔끔해서 종종 시술이 필요할 때 방문할 것 같아요:))', '좋아요': '0'}]","{'금': '11:00 ~ 20:00', '토': '11:00 ~ 17:00', '일': '휴무일', '월': '11:00 ~ 20:00', '화': '11:00 ~ 20:00', '수': '11:00 ~ 20:00', '목': '11:00 ~ 20:00', '휴무일': '공휴일'}"
보화당한의원,4.2,종로구 종로 237 1층,,"[{'작성자': '이강수', '별점': '1.0', '날짜': '2023.09.16.', '내용': '이명 치료를 위해 8월에 갔더니 불치병이라면도 치료해 보자면서 세번 해보자고 하기에 세번째 날에 다음은 어떻... 더보기', '좋아요': '1'}, {'작성자': '카탈리나', '별점': '5.0', '날짜': '2022.09.02.', '내용': '최고 입니다.\n허리 안좋을때 여기서 한방에\n좋아졌어요', '좋아요': '0'}, {'작성자': '차예안', '별점': '5.0', '날짜': '2022.01.15.', '내용': '눈 떨림으로 여기저기 한의원""갔는데 \n별 차도 없구요ㅜ.ㅜ 우연히 지인소개로 ""여기서 \n침""시술 한번 받고 바로 확 ... 더보기', '좋아요': '0'}]","{'금': '09:00 ~ 18:00', '토': '09:00 ~ 13:00', '일': '휴무일', '월': '09:00 ~ 18:00', '화': '09:00 ~ 18:00', '수': '09:00 ~ 18:00', '목': '09:00 ~ 18:00', '휴무일': '매주 일요일'}"
루덴치과병원 명동점,4.2,중구 명동길 65 보림빌딩 6층,//img1.kakaocdn.net/cthumb/local/C1104x408.q50/?fname=http%3A%2F%2Ft1.daumcdn.net%2Flocal%2FkakaomapPhoto%2Freview%2F28c46b3b61ab9a656a29eb2b7b9d0acd6a1a4a04%3Foriginal,"[{'작성자': 'happycm', '별점': '5.0', '날짜': '2025.03.08.', '내용': '오래 다녔는데 의사선생님 정말 친절하시고, 진료도 잘 봐주세요! 과잉 진료 안 하세요. 저는 교정도 여기서 했는데 교정과 선생님 아프지 않게 잘 해주셨어요 :)', '좋아요': '0'}, {'작성자': 'ㅅㅈㅅ', '별점': '5.0', '날짜': '2022.10.11.', '내용': '신경 치료 담당의사 따로 계시고, 선생님들 다 친절하시고 전문성 있으십니다. 치료도 아프지 않게 하시고 전 과정에서 좋은 경험이었습니다.', '좋아요': '0'}, {'작성자': 'aino', '별점': '5.0', '날짜': '2022.02.11.', '내용': '양심적이고 친절하네요', '좋아요': '0'}]","{'금': '09:30 ~ 18:00', '토': '09:30 ~ 14:00', '일': '휴무일', '월': '09:30 ~ 18:00', '화': '09:30 ~ 18:00', '수': '09:30 ~ 18:00', '목': '09:30 ~ 20:00', '휴무일': '매주 일요일'}"
메트로노치과의원,5.0,"중구 명동9가길 12 5,6층",,"[{'작성자': '악의사슴', '별점': '5.0', '날짜': '2022.12.07.', '내용': '잘함\n마취를 최소한으로 해서 ㅜㅜ', '좋아요': '0'}, {'작성자': '유유자적', '별점': '5.0', '날짜': '2022.10.27.', '내용': '친절하고 정확한진단 치과에도 명의가 있었네요 동네치과에서 고통받은걸 한번에 해결했습니다 감사합니다', '좋아요': '0'}, {'작성자': '강선웅', '별점': '5.0', '날짜': '2022.05.25.', '내용': '치료도 하구 긴시간동안 진료하면서 불편함은 없었는데... 원장님 센스에 반했어요 회사 이직하는바람에 못가보지만 다른분들에게 추천을 드리고 싶네요', '좋아요': '1'}]","{'금': '09:30 ~ 18:30', '토': '10:00 ~ 14:00', '월': '09:30 ~ 18:30', '화': '09:30 ~ 18:30', '수': '09:30 ~ 18:30'}"
신일한의원,0.0,종로구 종로35길 25,,"[{'작성자': '', '별점': '', '날짜': '', '내용': ' ', '좋아요': '0'}]","{'금': '10:00 ~ 18:00', '토': '10:00 ~ 15:00', '월': '10:00 ~ 18:00', '화': '10:00 ~ 18:00', '수': '10:00 ~ 18:00', '목': '10:00 ~ 18:00'}"
유선재치과의원,5.0,종로구 동호로 408,,"[{'작성자': '김태환', '별점': '5.0', '날짜': '2023.11.14.', '내용': '친절합니다', '좋아요': '0'}]","{'금': '09:40 ~ 17:00', '토': '09:40 ~ 13:00', '월': '09:40 ~ 17:00', '화': '09:40 ~ 17:00', '수': '09:40 ~ 17:00', '목': '09:40 ~ 17:00'}"
최성제치과의원,5.0,중구 마른내로 6 4층,//img1.kakaocdn.net/cthumb/local/C544x408.q50/?fname=http%3A%2F%2Ft1.kakaocdn.net%2Ffiy_reboot%2Fplace%2FFF6E27A5DBDF4D4988CC370970976C05,"[{'작성자': 'mojojojo', '별점': '5.0', '날짜': '2024.09.10.', '내용': '스케일링이 개운하면서도 아프지 않아서 정말 좋아요!', '좋아요': '0'}, {'작성자': '조중동폐간', '별점': '5.0', '날짜': '2022.07.06.', '내용': '20년 가까이 다니네요!\n최대한 자기 치아를 쓸수 있을때까지\n살리려는 스타일이라 과잉진료 걱정... 더보기', '좋아요': '2'}, {'작성자': 'ㅎ', '별점': '5.0', '날짜': '2019.12.06.', '내용': '양심치과! 실력자 의사선생님! 신경치료 할수도 있는 이빨이었는데,, 썩은 부분을 최대한 제거해서 이를 살려(?)주셨어요ㅠㅠ! 마취도 안아프게 잘 해주셔서 아픈지모르고 치료 잘 받았습니다. 감사하고 감동받았습니다 선생님 건강하세요!!', '좋아요': '1'}]","{'금': '09:30 ~ 18:00', '토': '09:30 ~ 13:30', '일': '휴무일', '월': '09:30 ~ 18:00', '화': '09:30 ~ 18:00', '수': '09:30 ~ 18:00', '목': '09:30 ~ 18:00', '휴무일': '공휴일'}"
보광당한의원,5.0,중구 을지로 199-2,,"[{'작성자': '흠', '별점': '5.0', '날짜': '2024.11.01.', '내용': '굳이에요', '좋아요': '0'}, {'작성자': '소현', '별점': '5.0', '날짜': '2022.12.29.', '내용': '진짜 최고에요,,,,,\nㅠㅠ 목 뻐근하던거 한방에 시원해졌어요 항상 감사합니다👍', '좋아요': '0'}, {'작성자': '김기연', '별점': '5.0', '날짜': '2022.12.19.', '내용': '의사선생님이랑 간호사선생님 두분 다 엄청 친절하시고, 말 하는것도 잘 들어주십니다.\n침도 생각보다 안아픈... 더보기', '좋아요': '0'}]","{'금': '09:00 ~ 18:00', '토': '09:00 ~ 13:00', '월': '09:00 ~ 18:00', '화': '09:00 ~ 18:00', '수': '09:00 ~ 18:00', '목': '09:00 ~ 18:00'}"
데이뷰의원 명동점,5.0,중구 남대문로 90 명동 N빌딩 6층,//img1.kakaocdn.net/cthumb/local/C544x408.q50/?fname=http%3A%2F%2Ft1.kakaocdn.net%2Fmystore%2F3457199ED7AF433495F94562E17BA476,"[{'작성자': '나눈나', '별점': '5.0', '날짜': '2025.01.23.', '내용': '친구한테 추천 받아서 데이뷰의원 처음으로 가봤어요. 1인 1실에 세안과 마사지까지 해주시다니…! 공장형 다니다가 이런데 오니 정말 좋네요. 원장... 더보기', '좋아요': '0'}, {'작성자': 'yesiam', '별점': '5.0', '날짜': '2025.01.23.', '내용': '1인 1관리실이라 너무 좋아요 셀프세수하는 공장형 병원 다니다가 여기 오니까 대접받는 느낌 들고 정말 좋네요. 관리실이 호텔 스파 느낌이에요. (... 더보기', '좋아요': '0'}]","{'휴무일': '추석당일, 설당일'}"
메디코스의원,1.0,중구 명동7가길 20 4-5층,,"[{'작성자': 'Ev', '별점': '1.0', '날짜': '2025.03.13.', '내용': 'Never go here. He’s a deeply unprofessional and unethical doctor. He doesn’t listen to his patients’ wants or needs and pressures you into getting procedures you didn’t want to receive. He injected Botox into the wrong... 더보기', '좋아요': '1'}, {'작성자': '희정', '별점': '1.0', '날짜': '2025.03.13.', '내용': '절대로 이병원은 가지 마세요. 원장이 실리프팅 하다가 얼굴 핏줄을 터트려서 왼쪽 얼굴은 시퍼런 멍투성 이로 변해 있고... 원장은 멍투성인 얼굴 보면서 2주면 사라 질거라는 말 뿐...  어떠한 변상도 없음. 멍은 점점 얼굴전체로 번... 더보기', '좋아요': '1'}]","{'금': '10:30 ~ 19:30', '토': '10:30 ~ 15:30', '일': '휴무일', '월': '10:30 ~ 19:30', '화': '11:00 ~ 20:00', '수': '10:30 ~ 19:30', '목': '11:00 ~ 20:00', '휴무일': '공휴일'}"
시청서울구강내과치과의원,0.0,중구 무교로 13,//img1.kakaocdn.net/cthumb/local/C544x408.q50/?fname=https%3A%2F%2Fpostfiles.pstatic.net%2FMjAyNDExMjdfOTcg%2FMDAxNzMyNjk2ODQyMDk1.hPCW943puxh3nhPiH5WC04VGIC_mPRKEcomaQPpKxPAg.zrSAR4JYrSwngKF8uETMforybovoK67VZShrQvijfNQg.JPEG%2F7916B1E9-63CC-4D61-9D68-2552B4D08741.jpg%3Ftype%3Dw773,"[{'작성자': '', '별점': '', '날짜': '', '내용': ' ', '좋아요': '0'}]","{'금': '10:00 ~ 19:00', '토': '10:00 ~ 14:00', '월': '10:00 ~ 19:00', '화': '10:00 ~ 19:00', '수': '11:00 ~ 20:00'}"
하버디안치과,3.0,중구 세종대로 136 서울파이낸스센터 지하1층,,"[{'작성자': 'espinas', '별점': '1.0', '날짜': '2023.06.24.', '내용': '치과치료가 섬세하고 부드럽지 못하고 \n하바드 자신감인진 모르나\n완전 ... 더보기', '좋아요': '0'}, {'작성자': '모란', '별점': '5.0', '날짜': '2023.03.10.', '내용': '치아가 많이 손상되서 부끄러웠는데\n친절하신 간호사분들 의사선생님 정말 믿을수 있도록담담하게 치료 과정 진심으로\n감사드립니다', '좋아요': '1'}, {'작성자': 'bigchara', '별점': '5.0', '날짜': '2022.11.02.', '내용': '전 쉽지않은  아주나쁜 상태의 송곳니  였는데도 임플란트 시술후 통증도 붓기도 없었어요~진짜 너무 잘하셔요. 직장동료들이 다들 놀래요. 그리고 의사선생님 손도 빠르시고 정확하신거 같아요.  5년전 임플란트 한것도 지금도 잘 쓰고 있어요.', '좋아요': '1'}]","{'금': '10:00 ~ 18:00', '토': '10:00 ~ 13:00', '일': '휴무일', '월': '10:00 ~ 18:00', '화': '10:00 ~ 18:00', '수': '10:00 ~ 18:00', '목': '10:00 ~ 18:00', '휴무일': '공휴일'}"
서울중부치과의원,4.1,중구 을지로 170 을지트윈타워 3층 301호,//img1.kakaocdn.net/cthumb/local/C544x408.q50/?fname=http%3A%2F%2Ft1.kakaocdn.net%2Fmystore%2F9DD2536BEA5246E7BEC80E083FEA0A17,"[{'작성자': 'Q', '별점': '3.0', '날짜': '2025.03.05.', '내용': '스케일링 가격 2만원이 조금 넘는다\n마취 의사 여부 안물어보고 마취액 주길래 뭐지 싶었는데 치료금액에 포함인 듯', '좋아요': '0'}, {'작성자': '눈', '별점': '5.0', '날짜': '2022.03.02.', '내용': '친절하시고 정말 실력 출중하십니다. 임플란트 진행중인데 너무 만족합니다. ^^', '좋아요': '0'}, {'작성자': '나로호2425', '별점': '5.0', '날짜': '2021.08.24.', '내용': '급하게 뗴운게 떨어져서 갔는데 다시 붙혀주시고 설명도 친절하게 해주셨어요~ 감사합니다.~!', '좋아요': '0'}]","{'금': '09:00 ~ 18:30', '토': '휴무일', '일': '휴무일', '월': '09:00 ~ 18:30', '화': '09:00 ~ 20:00', '수': '09:00 ~ 18:30', '목': '09:00 ~ 20:00', '휴무일': '공휴일'}"
문준식치과의원,5.0,종로구 청계천로 35 관정빌딩 8호,//img1.kakaocdn.net/cthumb/local/C1104x408.q50/?fname=http%3A%2F%2Ft1.daumcdn.net%2Flocal%2FkakaomapPhoto%2Freview%2F838f5e47d99a99ae4aabe064de09270ae15f15b3%3Foriginal,"[{'작성자': '최종문', '별점': '5.0', '날짜': '2025.03.08.', '내용': '제가20대부터 지금59살까지 진료받는~ \n""최상위 원장님 간호사님"" 입니다.\n어머님도20... 더보기', '좋아요': '0'}, {'작성자': 'La-Llorona', '별점': '5.0', '날짜': '2023.09.08.', '내용': '친절하세요~ 원장님이 직접 스케일링 해주십니다.\n과잉진료없음 킹왕짱', '좋아요': '0'}]","{'금': '10:00 ~ 18:00', '토': '10:00 ~ 12:00', '월': '10:00 ~ 18:00', '화': '10:00 ~ 18:00', '수': '10:00 ~ 18:00', '목': '10:00 ~ 18:00'}"
동서치과의원,0.0,종로구 동호로 403 2층,,"[{'작성자': '', '별점': '', '날짜': '', '내용': ' ', '좋아요': '0'}]","{'금': '09:30 ~ 18:00', '월': '09:30 ~ 18:00', '화': '09:30 ~ 18:00', '수': '09:30 ~ 18:00', '목': '09:30 ~ 18:00'}"
중앙외과의원,4.8,중구 을지로 211 유성빌딩 2층,//img1.kakaocdn.net/cthumb/local/C1104x408.q50/?fname=http%3A%2F%2Ft1.daumcdn.net%2Fcfile%2F2425D645557949BE13,"[{'작성자': '드레', '별점': '5.0', '날짜': '2025.02.15.', '내용': '너무 친절하신 의사선생님!!\n외과 가실 일 있으면 강추 합니다', '좋아요': '0'}, {'작성자': '허서영', '별점': '5.0', '날짜': '2024.12.26.', '내용': '집주변에 외과의원이 없어서 여기까지 피지낭종 때문에 갔는데 간호사쌤 너무 재미있으시고 대신 걱정도 해주셨어요! 의사쌤도 친절하세요. 적극 추천입니다.', '좋아요': '1'}, {'작성자': '호호', '별점': '5.0', '날짜': '2024.06.03.', '내용': '이 근방 유일한 외과인데 친절하고 좋아요!!!', '좋아요': '1'}]","{'금': '08:30 ~ 18:00', '토': '08:30 ~ 13:00', '월': '08:30 ~ 18:00', '화': '08:30 ~ 18:00', '수': '08:30 ~ 18:00', '목': '08:30 ~ 18:00'}"
라민클리닉,4.0,중구 무교로 19 더익스체인지서울몰 5층,//img1.kakaocdn.net/cthumb/local/C544x408.q50/?fname=http%3A%2F%2Ft1.kakaocdn.net%2Ffiy_reboot%2Fplace%2F764A8C00EDF7449C93419A28B774A4D3,"[{'작성자': '민서', '별점': '5.0', '날짜': '2022.10.31.', '내용': '꼼꼼해서 좋아요', '좋아요': '0'}, {'작성자': 'hello', '별점': '5.0', '날짜': '2021.12.10.', '내용': '여기 진짜 조아요\n꼼꼼하고 친절해여\n다른 피부과 댕기다 옮김', '좋아요': '0'}, {'작성자': '.', '별점': '5.0', '날짜': '2021.05.10.', '내용': '여기 진짜 잘하고 완전 꼼꼼해서 좋아요', '좋아요': '0'}]","{'금': '11:00 ~ 20:00', '토': '10:30 ~ 16:00', '일': '휴무일', '월': '11:00 ~ 20:00', '화': '11:00 ~ 20:00', '수': '11:00 ~ 20:00', '목': '11:00 ~ 20:00', '휴무일': '공휴일'}"
시청하늘정신건강의학과의원,0.0,중구 무교로 13 휘닉스빌딩 6층,//img1.kakaocdn.net/cthumb/local/C544x408.q50/?fname=https%3A%2F%2Fpostfiles.pstatic.net%2FMjAyNTAxMDNfMzkg%2FMDAxNzM1ODU2Mzc4NjA1.BFhoNs6Nvz5KErJdhEeMhkwhSOYqP-7pWav2t8HbI-og.SqdW1aDSb_cWi9DFyoNlEroMfCL1-qShUSQiiqP56EAg.JPEG%2F900%25EF%25BC%25BF1735856376133.jpg%3Ftype%3Dw966,"[{'작성자': '', '별점': '', '날짜': '', '내용': ' ', '좋아요': '0'}]","{'금': '10:00 ~ 20:00', '토': '10:00 ~ 14:00', '일': '휴무일', '월': '10:00 ~ 20:00', '화': '10:00 ~ 20:00', '수': '10:00 ~ 20:00', '목': '10:00 ~ 20:00', '휴무일': '공휴일'}"
명동연세의원,3.3,중구 명동길 26 유네스코회관 4층,,"[{'작성자': '호밀밭의 파수꾼', '별점': '5.0', '날짜': '2024.10.31.', '내용': '주사 안 아프게 놔줘요!', '좋아요': '0'}, {'작성자': '늘 충만한 영성을...', '별점': '5.0', '날짜': '2024.07.05.', '내용': '내과 이비인후과 두 원장님 모두 상당히 친절합니다.\n이 근방 병원 중 하나 골라야 한다면 여기 명동연세의원을 추천합니다. 이 근방에 허구헌날 네이버 후기에서 환자랑 싸우고 있는 병원 있는데 거기 가지말고... 더보기', '좋아요': '0'}, {'작성자': '모구모구', '별점': '5.0', '날짜': '2024.04.03.', '내용': '바쁘신 와중에도 간호사님들과 접수 직원분들이 너무 친절하셔서 좋았고 감사했습니다 :)', '좋아요': '0'}]","{'금': '09:00 ~ 18:30', '토': '09:00 ~ 13:00', '월': '09:00 ~ 18:30', '화': '09:00 ~ 18:30', '수': '09:00 ~ 18:30', '목': '09:00 ~ 18:30'}"
이승진가정의학과의원,4.9,중구 무교로 15 남강건설회관빌딩 3층,//img1.kakaocdn.net/cthumb/local/C1104x408.q50/?fname=http%3A%2F%2Ft1.daumcdn.net%2Flocal%2FkakaomapPhoto%2Freview%2F258024c1070b447bf8c5cb0e360023e700c88123%3Foriginal,"[{'작성자': 'K', '별점': '5.0', '날짜': '2024.11.17.', '내용': '친절하시고 상담 너무 잘 해주세요', '좋아요': '0'}, {'작성자': '솔직하게 씀', '별점': '5.0', '날짜': '2024.07.08.', '내용': '이 병원 정말 오래 다녔는데 가끔 갈 때마다 너무 친절하십니다. 약도 잘 듣고요!!', '좋아요': '0'}, {'작성자': '이프', '별점': '5.0', '날짜': '2024.02.07.', '내용': '오픈시간 잘 확인하고 가셔야해요~ 전 대충 봤는데 다행히 오픈하시는 날이었네요ㅎㅎ 반 열고 반 닫으시는데도 잘 되고 칭찬일색인건 역시 이유가 있습니다. 과한 타성에 젖은 친절도 아니고 그냥 딱 적... 더보기', '좋아요': '0'}]","{'금': '09:30 ~ 17:00', '토': '휴무일', '일': '휴무일', '월': '09:30 ~ 17:00', '화': '휴무일', '수': '09:30 ~ 13:00', '목': '휴무일', '휴무일': '공휴일'}"
민유선산부인과의원,4.3,중구 명동길 26 유네스코회관 2층 203호,//img1.kakaocdn.net/cthumb/local/C544x408.q50/?fname=https%3A%2F%2Fpostfiles.pstatic.net%2FMjAyMjEyMTFfNTEg%2FMDAxNjcwNzM1NjM2NDAz.g6pKEBz89oj_L_IWOqj4eNwXWYg3Hl1KDOHekvzKCUcg.zV0rP42Q-Do_0xZP3klLjj0n-OVSdpElod6bW-8cKYEg.PNG.x220625%2Fimage.png%3Ftype%3Dw773,"[{'작성자': '냉정한링링', '별점': '5.0', '날짜': '2025.03.02.', '내용': '임신 시도 하면서 주기적으로 찾고 있는데, 대기는\n조금 길지만 미리 예약하면 괜찮고요 당일에도 한시간 반 ~ 정도 기다리면 진료 볼 수 있어요 ㅎㅎ 근처 맛집 한바퀴 돌고오면 돼... 더보기', '좋아요': '1'}, {'작성자': 'Yoa', '별점': '5.0', '날짜': '2024.11.20.', '내용': '대기가 긴 건 인기가 많은 걸 어떡하나요 \n참의사 선생님입니다\n나만 알고 싶은 병원', '좋아요': '0'}, {'작성자': 'sqzplay', '별점': '5.0', '날짜': '2024.11.05.', '내용': '병원 전체적으로 따듯하고 포근합니다.\n선생님 간호사 분들 모두 나긋나긋 하시구요.\n안심됩니다.\n아참! 예약 안해서... 더보기', '좋아요': '0'}]","{'금': '09:30 ~ 18:30', '토': '09:30 ~ 13:30', '일': '휴무일', '월': '09:30 ~ 18:30', '화': '09:30 ~ 18:30', '수': '09:30 ~ 13:30', '목': '09:30 ~ 18:30', '휴무일': '공휴일'}"
경희봄봄한의원,5.0,중구 무교로 12 정오빌딩 4층,//img1.kakaocdn.net/cthumb/local/C544x408.q50/?fname=https%3A%2F%2Fpostfiles.pstatic.net%2FMjAyNDEyMTZfMTYy%2FMDAxNzM0MzI2MTc5OTA2.WR66FHHNbkj77ewa6IfWVv8kQbKcNO53l0jTdR60Trcg.Gfz_cl4HrxXETMJVEHcUjI-H6rlPhMsctBnabKN6g1sg.JPEG%2F1479768.jpg%3Ftype%3Dw773,"[{'작성자': 'Angela', '별점': '5.0', '날짜': '2023.08.25.', '내용': '급 요추통이 심하게 와서 갔는데 와~ 내 썩은 척추 빼내고 새걸로 갈아주신 듯 ㅠ 당장의 통증을 바로 잡아주니 너무 편하네요~', '좋아요': '0'}, {'작성자': '김종탁', '별점': '5.0', '날짜': '2022.11.28.', '내용': '친절하고 자세한 설명 감사합니다.', '좋아요': '0'}, {'작성자': '잉ㅋ', '별점': '5.0', '날짜': '2021.12.16.', '내용': '퇴근이 늦어 늦은시간에 방문했는데도 엄~~청 친절하고 자세하게 진료 봐주셨어요!!', '좋아요': '0'}]","{'금': '10:00 ~ 20:00', '토': '휴무일', '일': '휴무일', '월': '10:00 ~ 20:00', '화': '10:00 ~ 20:00', '수': '10:00 ~ 20:00', '목': '10:00 ~ 20:00', '휴무일': '공휴일'}"
경희무교로한의원,5.0,중구 무교로 16 대한체육회관 7층,//img1.kakaocdn.net/cthumb/local/C544x408.q50/?fname=http%3A%2F%2Ft1.kakaocdn.net%2Fmystore%2F7F1CB91D9F4849EB94294AB9A496EE07,"[{'작성자': 'JUNG', '별점': '5.0', '날짜': '2024.06.07.', '내용': '원장님 치료도 잘해주시고!\n꼼꼼하게 잘 봐주십니다^^\n최오에오👍👍👍👍👍\n... 더보기', '좋아요': '1'}, {'작성자': '배가고프다', '별점': '5.0', '날짜': '2023.10.17.', '내용': '엄청 꼼꼼하게 진료봐주십니다', '좋아요': '0'}, {'작성자': '고전게임매니아', '별점': '5.0', '날짜': '2022.07.07.', '내용': '여기 한의사님 성심성의껏 잘 진료해 주십니다.', '좋아요': '1'}]","{'금': '09:30 ~ 19:00', '토': '10:00 ~ 12:00', '일': '휴무일', '월': '09:30 ~ 19:00', '화': '09:30 ~ 19:00', '수': '09:30 ~ 19:00', '목': '09:30 ~ 19:00', '휴무일': '공휴일'}"
빛이난다의원,5.0,중구 명동8길 8-9 2~4층,//img1.kakaocdn.net/cthumb/local/C544x408.q50/?fname=http%3A%2F%2Ft1.kakaocdn.net%2Fmystore%2FBF9F42191AC049199C338E5DBD11DD96,"[{'작성자': '소로스', '별점': '5.0', '날짜': '2021.11.12.', '내용': '친절하고 섬세한 진료와 치료에 감사 드립니다.', '좋아요': '0'}]","{'금': '10:30 ~ 19:30', '토': '10:30 ~ 15:30', '일': '휴무일', '월': '10:30 ~ 19:30', '화': '10:30 ~ 19:30', '수': '10:30 ~ 19:30', '목': '13:00 ~ 19:30', '휴무일': '매주 일요일'}"
을지로 신경외과,0.0,중구 남대문로10길 9,,"[{'작성자': '', '별점': '', '날짜': '', '내용': ' ', '좋아요': '0'}]",{}
한스의원 한의원,2.7,종로구 종로 19,,"[{'작성자': '감자', '별점': '1.0', '날짜': '2025.03.04.', '내용': '절대 x', '좋아요': '0'}, {'작성자': 'k직장인', '별점': '1.0', '날짜': '2024.04.30.', '내용': '가본곳중최악 \n물리치료 한다더니 설명도없이 스테로이드 주사 투입 장난??? \n신고하고싶은 첫병원 ... 더보기', '좋아요': '1'}, {'작성자': '.', '별점': '1.0', '날짜': '2024.02.10.', '내용': '후기를 못보고 급하게 갔는데 후회합니다. 가장 처음분 후기에 좋아요 많이 달린 이유가 있네요.', '좋아요': '1'}]","{'금': '09:30 ~ 18:30', '월': '09:30 ~ 18:30', '화': '09:30 ~ 18:30', '수': '09:30 ~ 18:30', '목': '09:30 ~ 18:30'}"
향기나무한의원 종로점,5.0,종로구 종로 225-1 1층,//img1.kakaocdn.net/cthumb/local/C544x408.q50/?fname=https%3A%2F%2Fpostfiles.pstatic.net%2FMjAyNDExMjdfNDEg%2FMDAxNzMyNjg0ODAzODM5.UiRU-j8pfPoj1cnK-wD-ZL9rt1eO05GXjEZlmiyXE0Qg.PjMxOjNkL4OSEQLEG32l4ZjtBJF5YcasaaYtyfRq6WQg.JPEG%2FKakaoTalk_20241127_141855100_01.jpg%3Ftype%3Dw386,"[{'작성자': '이경승', '별점': '5.0', '날짜': '2022.11.29.', '내용': '원장님께서 제 상태에 대하여 자세하게 설명해주셨고 \n가려야할 체질 음식에 대해서도 알려주셨어요. \n소화가 안되어 갔었는데 침을 맞고나서 빵 뚫렸습니다. ^0^', '좋아요': '0'}]","{'금': '09:30 ~ 18:30', '토': '09:30 ~ 13:00', '월': '09:30 ~ 18:30', '화': '09:30 ~ 18:30', '수': '09:30 ~ 18:30', '목': '09:30 ~ 21:00'}"
아이플란트치과,4.3,중구 명동길 58 한송빌딩 3층,,"[{'작성자': 'ss', '별점': '5.0', '날짜': '2024.06.13.', '내용': '과잉진료 없고 원장님 인성이 훌륭하십니다', '좋아요': '0'}, {'작성자': '자유의꽃', '별점': '5.0', '날짜': '2024.03.24.', '내용': '사기안치고\n정직해요\n의사선생님 약력많... 더보기', '좋아요': '0'}, {'작성자': '미카엘라', '별점': '5.0', '날짜': '2022.07.27.', '내용': '원장님 진료 good! 상세 설명에 꼼꼼하게 잘해주세여. 간호사님은 상담하는 친절한 분도 계시고 피곤에 지친듯한 무성의한 분도 계시고 그래요^^', '좋아요': '0'}]","{'금': '11:00 ~ 18:30', '토': '10:00 ~ 14:00', '일': '휴무일', '월': '11:00 ~ 18:30', '화': '11:00 ~ 20:30', '수': '10:00 ~ 19:00', '목': '11:00 ~ 18:30', '휴무일': '공휴일'}"
애플산부인과의원 명동점,5.0,중구 명동3길 44 4층,//img1.kakaocdn.net/cthumb/local/C544x408.q50/?fname=http%3A%2F%2Ft1.kakaocdn.net%2Fmystore%2FF4691755DE1B47B29784B5B900476442,"[{'작성자': '뀨잉', '별점': '5.0', '날짜': '2025.03.25.', '내용': '간호사님 친절해용', '좋아요': '0'}]","{'금': '10:00 ~ 21:00', '토': '10:00 ~ 17:00', '일': '휴무일', '월': '10:00 ~ 21:00', '화': '10:00 ~ 20:00', '수': '10:00 ~ 20:00', '목': '10:00 ~ 20:00', '휴무일': '추석당일, 설당일, 5월 1일 휴무'}"
효정한의원,5.0,중구 퇴계로31길 31 3층,//img1.kakaocdn.net/cthumb/local/C544x408.q50/?fname=http%3A%2F%2Ft1.kakaocdn.net%2Fmystore%2FB5CC4A27800C4D79BE52686239FE8CE5,"[{'작성자': '교양이', '별점': '5.0', '날짜': '2023.11.21.', '내용': '발목이랑 허리가 아파서 방문했는데 정말 만족스러웠습니다! 5번 치료받았고 이제 안 아파서 안 가려고 하는데 원장님과 직원분께 정이 들어서 못 가는게 아쉬울 정도예요ㅠㅠ 정말 친절하세요!', '좋아요': '0'}, {'작성자': '고경태_Tei', '별점': '5.0', '날짜': '2023.05.07.', '내용': '요새 소화가 잘 안되어서 방문했는데 원장님 친절하시고 잘봐주셔요! 침이랑 뜸맞으니까 바로 편해지는 게 신기하네요~', '좋아요': '0'}, {'작성자': '고재윤', '별점': '5.0', '날짜': '2023.04.14.', '내용': '요즘 취업스트레스로 많이 힘들어서 보약먹고 힘내려고 왔는데 진료상담도 잘해주시고 약먹으니 머리가 이전보다 상쾌해지고 맑아지는 느낌입니다!! 스트레스로 고생하시는 분들은 한... 더보기', '좋아요': '0'}]","{'금': '09:30 ~ 19:00', '토': '10:00 ~ 14:00', '일': '휴무일', '월': '09:30 ~ 19:00', '화': '09:30 ~ 19:00', '수': '09:30 ~ 19:00', '목': '09:30 ~ 19:00', '휴무일': '공휴일'}"
동남정신과의원,5.0,종로구 북촌로5길 64 3층,,"[{'작성자': '', '별점': '', '날짜': '', '내용': ' ', '좋아요': '0'}]","{'금': '10:00 ~ 18:00', '토': '10:00 ~ 13:00', '일': '휴무일', '월': '10:00 ~ 18:00', '화': '10:00 ~ 18:00', '수': '10:00 ~ 18:00', '목': '10:00 ~ 18:00', '휴무일': '공휴일'}"
클림의원 명동점,5.0,중구 명동길 43 4-5층,,"[{'작성자': '류수빈', '별점': '5.0', '날짜': '2025.02.27.', '내용': '완전 깔끔하고 넓어서 쾌적한 곳입니다\n처음받는 시술이었는데 꼼꼼한 상담이어서 만족해요👏🏻', '좋아요': '0'}, {'작성자': 'yeon', '별점': '5.0', '날짜': '2025.02.20.', '내용': '목티타늄 리프팅 처음해봤는데 돈을 벌어야할 이유를 찾았어요 열심히 벌어올게요...효과 대만족....', '좋아요': '0'}, {'작성자': '소현', '별점': '5.0', '날짜': '2025.02.19.', '내용': '리즈네 스킨부스터 효과 너무 좋아서 진즉할걸 후회돼요 주기적으로 오려구용 ㅎㅎㅎㅎㅎ', '좋아요': '0'}]","{'금': '09:30 ~ 21:00', '토': '09:30 ~ 18:00', '일': '09:30 ~ 18:00', '월': '09:30 ~ 21:00', '화': '09:30 ~ 21:00', '수': '09:30 ~ 21:00', '목': '09:30 ~ 21:00'}"
서울청년클리닉,0.0,종로구 대학로 101 서울대학교병원 임상의학연구소,,"[{'작성자': '', '별점': '', '날짜': '', '내용': ' ', '좋아요': '0'}]",{}
브라운산부인과의원,,중구 무교로 13 휘닉스빌딩 5층,//img1.kakaocdn.net/cthumb/local/C544x408.q50/?fname=http%3A%2F%2Ft1.kakaocdn.net%2Fmystore%2F8B6F1333868B457FA17091A6E55CEA98,"[{'작성자': '', '별점': '', '날짜': '', '내용': ' ', '좋아요': '0'}]","{'금': '09:00 ~ 18:30', '토': '휴무일', '일': '휴무일', '월': '09:00 ~ 18:30', '화': '09:00 ~ 18:30', '수': '09:00 ~ 18:30', '목': '09:00 ~ 18:30', '휴무일': '공휴일'}"
서울삼성재활의학과,5.0,종로구 종로 234-1 2층,//img1.kakaocdn.net/cthumb/local/C1104x408.q50/?fname=http%3A%2F%2Ft1.daumcdn.net%2Fcfile%2F27592A4B575E6F1A20,"[{'작성자': '수플레', '별점': '5.0', '날짜': '2024.05.02.', '내용': '과잉진료 없으시고 되게 친절하십니다 도수치료 받았는데 짱친절 \n운동이 왜 필요한지 설명해주시고 잘 따라할수 있도록 친절하게 알려주십니다 다 친절해요!', '좋아요': '0'}]","{'금': '08:00 ~ 18:00', '토': '08:00 ~ 13:00', '월': '08:00 ~ 18:00', '화': '08:00 ~ 19:30', '수': '08:00 ~ 18:00', '목': '08:00 ~ 19:30'}"
고불보서울한의원,3.0,종로구 종로 19 르메이에르종 3층 310호,//img1.kakaocdn.net/cthumb/local/C1104x408.q50/?fname=http%3A%2F%2Ft1.daumcdn.net%2Flocal%2FkakaomapPhoto%2Freview%2Fe5d51f65dbb84fada22794fea0f189d81172ccac%3Foriginal,"[{'작성자': 'lkljmta', '별점': '5.0', '날짜': '2022.08.03.', '내용': '냉방병 걸려서 리뷰 좋은 이비인후과 가서 치료 받았는데도 기침이 한달동안 안 났었는데 약을 엄청 잘 처방해주셔서 빨리 났습니다. \n\n... 더보기', '좋아요': '0'}, {'작성자': '댜댜', '별점': '1.0', '날짜': '2019.03.28.', '내용': '.... 너무 상업적 + 하나도 안나음 ㅠㅠㅠㅠㅠㅠㅠ!!비추에요 다른데 가세여', '좋아요': '0'}]","{'금': '10:30 ~ 19:30', '월': '10:30 ~ 19:30', '화': '10:30 ~ 19:30', '수': '10:30 ~ 19:30', '목': '10:30 ~ 19:30'}"
더프리티영의원,5.0,중구 명동3길 6 개양빌딩 12층 1201호,//img1.kakaocdn.net/cthumb/local/C544x408.q50/?fname=http%3A%2F%2Ft1.daumcdn.net%2Flocal%2FkakaomapPhoto%2Freview%2F450e7e352e7f78adbb6479816a6bf91bc90148f5%3Foriginal,"[{'작성자': '아잉', '별점': '5.0', '날짜': '2024.12.29.', '내용': '몇년째 보톡스 및 레이저시술받는 단골인데 일단 가격 거품없고 의사선생님 상담 친절하게 잘해주시고 시술도 잘하심. 나는 보톡스 6개월에 한번씩 받는데 사각턱쪽 같은 경우 다른데서는 받아도 티안나는... 더보기', '좋아요': '1'}, {'작성자': 'storm', '별점': '5.0', '날짜': '2024.11.23.', '내용': '모두 친절하고 최고예요', '좋아요': '1'}, {'작성자': '마포걷달', '별점': '4.0', '날짜': '2024.11.14.', '내용': '팩트체크\n\\\n\n후기에 나와 있는 여러가지 긍정 평가를 보고 방문했으며, 상당... 더보기', '좋아요': '1'}]","{'금': '10:00 ~ 20:00', '토': '10:00 ~ 15:00', '일': '휴무일', '월': '10:00 ~ 20:00', '화': '10:00 ~ 20:00', '수': '휴무일', '목': '10:00 ~ 20:00', '휴무일': '공휴일'}"
블루밍의원,,중구 명동3길 44 기랑에셋빌딩 5층,//img1.kakaocdn.net/cthumb/local/C544x408.q50/?fname=http%3A%2F%2Ft1.kakaocdn.net%2Ffiy_reboot%2Fplace%2F06272EDC0D3248619B6ACB5DE655AF0D,"[{'작성자': '', '별점': '', '날짜': '', '내용': ' ', '좋아요': '0'}]","{'금': '10:00 ~ 20:00', '토': '10:00 ~ 17:00', '일': '휴무일', '월': '10:00 ~ 20:00', '화': '10:00 ~ 20:00', '수': '10:00 ~ 20:00', '목': '10:00 ~ 20:00', '휴무일': '매주 일요일'}"
서울훈치과의원,3.0,종로구 종로 221 2층,,"[{'작성자': '뉴', '별점': '5.0', '날짜': '2022.03.02.', '내용': '바가지 없는 믿음직한 병원', '좋아요': '0'}, {'작성자': 'P프리', '별점': '1.0', '날짜': '2020.03.26.', '내용': '별 한 개도 아깝네요. 예전에 치료받으러 갔을때, 카운터 계시는 분이 다른 분이랑 했던 전화응대에 기분이 상해 있었는지 날카로우셨는데, 사은품 주시는 거에 되게 퉁명스럽게 얘기하셨죠. 사람 거지취급 하셔... 더보기', '좋아요': '0'}]","{'금': '09:30 ~ 20:00', '월': '09:30 ~ 18:30', '화': '09:30 ~ 18:30', '수': '09:30 ~ 18:30', '목': '09:30 ~ 18:30'}"
신한카드부속의원,0.0,중구 을지로 100 A동 3층 301호,,"[{'작성자': '', '별점': '', '날짜': '', '내용': ' ', '좋아요': '0'}]",{}
트리옹프닥터의원,0.0,중구 명동9길 16 명동센트럴빌딩 1-2층,//img1.kakaocdn.net/cthumb/local/C544x408.q50/?fname=http%3A%2F%2Ft1.kakaocdn.net%2Ffiy_reboot%2Fplace%2F7E1467EE73184474B3BDF9AE4A8935B7,"[{'작성자': '', '별점': '', '날짜': '', '내용': ' ', '좋아요': '0'}]","{'금': '10:30 ~ 20:30', '토': '10:00 ~ 16:30', '일': '휴무일', '월': '10:30 ~ 20:30', '화': '10:30 ~ 20:30', '수': '10:30 ~ 20:30', '목': '10:30 ~ 20:30', '휴무일': '석가탄신일, 추석전날, 추석당일, 추석다음날, 설당일, 설다음날, 1월1일, 삼일절, 어린이날, 현충일, 광복절, 개천절, 한글날, 성탄절'}"
강북센트럴치과의원,5.0,중구 무교로 15 남강건설회관빌딩 2층 202호,//img1.kakaocdn.net/cthumb/local/C544x408.q50/?fname=https%3A%2F%2Fpostfiles.pstatic.net%2FMjAyNDA1MDZfOTAg%2FMDAxNzE0OTg2Nzg4NjE0.EcCjf5GJNO_mm5aoWKykr3mngJABJ8PZXO8-TiC-LiUg.MIfxNC-E9g3_RLpZirjaxkgbY_2z5LisxJEvcotQvOUg.JPEG%2FSE-6cc21930-7984-4b87-a442-7755a716dee7.jpg%3Ftype%3Dw386,"[{'작성자': '이다연', '별점': '5.0', '날짜': '2023.10.30.', '내용': '원장님 정말 친절하시고 교정 관련 전문 지식 해박하시고 정확하신 게 일반인인 제가 느낄 수 있을 정도여서 무한 신뢰가 갑니다. 주변인들에게 다 추천하고 싶은 곳입니다. 다른 직원분들도 모두 친절하시고 프로... 더보기', '좋아요': '0'}]","{'금': '11:00 ~ 19:00', '토': '11:00 ~ 16:00', '일': '휴무일', '월': '11:00 ~ 19:00', '화': '14:30 ~ 21:00', '수': '11:00 ~ 19:00', '목': '14:30 ~ 21:00', '휴무일': '매주 일요일'}"
정치과의원,0.0,종로구 종로32길 2,,"[{'작성자': '', '별점': '', '날짜': '', '내용': ' ', '좋아요': '0'}]","{'금': '09:30 ~ 18:00', '토': '09:30 ~ 11:00', '월': '09:30 ~ 18:00', '화': '09:30 ~ 18:00', '수': '09:30 ~ 18:00', '목': '09:30 ~ 18:00'}"
당신만의 가치 벨유의원,5.0,중구 명동길 32 4층,//img1.kakaocdn.net/cthumb/local/C544x408.q50/?fname=http%3A%2F%2Ft1.kakaocdn.net%2Fmystore%2FE5CF984CFE964589BB45B31DD1C9FD9E,"[{'작성자': '이슬기', '별점': '5.0', '날짜': '2025.03.25.', '내용': '명동에 새로 생겨서 와봤는데 원장님이 직접 상담해주셔서 놀랐어요! 레이저 토닝 꾸준히 다녀보려고 합니다.', '좋아요': '0'}, {'작성자': 'ʏᴇᴇᴜɴ', '별점': '5.0', '날짜': '2025.03.19.', '내용': '친절하시고 꼼꼼하신 원장님 덕분에 편하게 시술받았어요 온다리프팅 첨이었는데 너무 좋더라구요 주기적으로 받으러 갈 예정입니당 ! 원장님 손기술 최고최고 !', '좋아요': '0'}, {'작성자': 'Na💋', '별점': '5.0', '날짜': '2025.03.12.', '내용': 'Hôm nay mình đã có trải nghiệm tại Val:U Clinic, một trong những Clinic nổi tiếng ở Myeong Dong. Viện trưởng có tay nghề cao đặc... 더보기', '좋아요': '0'}]","{'금': '10:30 ~ 20:30', '토': '10:00 ~ 17:00', '일': '10:00 ~ 17:00', '월': '10:30 ~ 20:30', '화': '10:30 ~ 20:30', '수': '휴무일', '목': '10:30 ~ 20:30', '휴무일': '매주 수요일'}"
광화문헬스케어의원,0.0,종로구 종로 1 교보생명빌딩 2층,,"[{'작성자': '', '별점': '', '날짜': '', '내용': ' ', '좋아요': '0'}]","{'금': '09:00 ~ 18:00', '월': '09:00 ~ 18:00', '화': '09:00 ~ 18:00', '수': '09:00 ~ 18:00', '목': '09:00 ~ 18:00'}"
휴본한의원,0.0,중구 무교로 15 남강빌딩 7층 701호,,"[{'작성자': '', '별점': '', '날짜': '', '내용': ' ', '좋아요': '0'}]","{'금': '11:00 ~ 20:00', '토': '11:00 ~ 14:00', '일': '휴무일', '월': '11:00 ~ 20:00', '화': '11:00 ~ 20:00', '수': '11:00 ~ 20:00', '목': '11:00 ~ 20:00', '휴무일': '공휴일'}"
정이안한의원,,중구 무교로 19 더익스체인지서울몰 7층,//img1.kakaocdn.net/cthumb/local/C544x408.q50/?fname=http%3A%2F%2Ft1.kakaocdn.net%2Fmystore%2F464E45B5095B40D5B234AC2EDD2985A3,"[{'작성자': '', '별점': '', '날짜': '', '내용': ' ', '좋아요': '0'}]","{'금': '10:00 ~ 17:00', '토': '10:00 ~ 13:00', '일': '휴무일', '월': '10:00 ~ 17:00', '화': '10:00 ~ 17:00', '수': '10:00 ~ 17:00', '목': '휴무일', '휴무일': '공휴일'}"
닥터디자이너의원 명동점,,중구 명동3길 44 6층,//img1.kakaocdn.net/cthumb/local/C544x408.q50/?fname=http%3A%2F%2Ft1.kakaocdn.net%2Fmystore%2F2B67F88E824F48A2B0CEFD8600088080,"[{'작성자': '', '별점': '', '날짜': '', '내용': ' ', '좋아요': '0'}]","{'금': '10:30 ~ 20:30', '토': '10:30 ~ 17:30', '일': '휴무일', '월': '10:30 ~ 20:30', '화': '10:30 ~ 20:30', '수': '10:30 ~ 20:30', '목': '10:30 ~ 20:30', '휴무일': '매주 일요일'}"
연세학치과의원,5.0,종로구 종로 19 르메이에르종로타운 4층 F01-2호,,"[{'작성자': 'may', '별점': '5.0', '날짜': '2020.05.19.', '내용': '갈때마다 가족같이 꼼꼼히 봐주시고, 매우 친절한 치과입니다.', '좋아요': '0'}]","{'금': '10:00 ~ 16:00', '토': '10:00 ~ 12:00', '월': '10:00 ~ 16:00', '화': '10:00 ~ 16:00', '수': '10:00 ~ 16:00'}"
명보치과,0.0,중구 충무로 38 태서빌딩 2층 201호,,"[{'작성자': '', '별점': '', '날짜': '', '내용': ' ', '좋아요': '0'}]","{'금': '09:30 ~ 18:30', '토': '09:30 ~ 13:00', '월': '09:30 ~ 18:30', '화': '09:30 ~ 18:30', '수': '09:30 ~ 18:30', '목': '09:30 ~ 13:00'}"
백보한의원,0.0,종로구 동호로 403 3층,,"[{'작성자': '', '별점': '', '날짜': '', '내용': ' ', '좋아요': '0'}]","{'금': '09:30 ~ 18:30', '토': '09:30 ~ 14:00', '일': '휴무일', '월': '09:30 ~ 18:30', '화': '09:30 ~ 18:30', '수': '09:30 ~ 17:00', '목': '09:30 ~ 18:30', '휴무일': '설전날, 설당일, 설다음날'}"
메리힐이비인후과의원,2.2,중구 충무로 42,,"[{'작성자': '최성호', '별점': '2.0', '날짜': '2024.01.11.', '내용': '효과가 별로 임..다른 병원에서 나았음', '좋아요': '0'}, {'작성자': '솜솜녁', '별점': '1.0', '날짜': '2023.12.13.', '내용': '의사 노망낫냐? 지할얘기만 할거면 어디 아픈진 왜물어봐? 개돌팔이 이제 그만 하시고 집가셔.. \n코만 졸라 쑤션대네 다신 안간다', '좋아요': '0'}, {'작성자': '블루스', '별점': '5.0', '날짜': '2023.12.02.', '내용': '의대 교수에 대통령 표창까지 받은 분을 충무로에서 우연한 기회에 만나 영광이었습니다. 연세가 많으셔서 다소 투박해보일수도 있지만 대학병원 가서 진료보면 줄서야될 가능성은 확실한 명의인듯 합니다.', '좋아요': '0'}]","{'금': '09:00 ~ 18:00', '토': '09:00 ~ 12:00', '일': '휴무일', '월': '09:00 ~ 18:00', '화': '09:00 ~ 18:00', '수': '09:00 ~ 18:00', '목': '09:00 ~ 18:00', '휴무일': '공휴일'}"
티안나의원,0.0,중구 명동7길 6 4층,,"[{'작성자': '', '별점': '', '날짜': '', '내용': ' ', '좋아요': '0'}]","{'금': '10:00 ~ 18:00', '월': '10:00 ~ 18:00', '화': '10:00 ~ 18:00', '수': '10:00 ~ 18:00', '목': '10:00 ~ 18:00'}"
서울예다운치과의원,2.3,종로구 성균관로 12 301호,,"[{'작성자': 'June_지은(바람 Reboot)', '별점': '5.0', '날짜': '2025.02.10.', '내용': '내가 정말 까다롭게 알이보고 선택하는 분야가 병원이랑 미용실임. 둘 다 손님을 호구로 만들거나 무시하는 경우가 많고 한번 서비스 잘못 받으면 피해를 복구하기 힘들기 때문.\n집 근처 치과들이... 더보기', '좋아요': '0'}, {'작성자': 'hyohyo', '별점': '1.0', '날짜': '2024.11.12.', '내용': '내 평생 레진하고 통증 있는 치과 처음 본다.\n손님 한 명도 없고 파리만 날림.\n급하게 들어간건데 평점 보고 갈껄..', '좋아요': '0'}, {'작성자': 'end', '별점': '1.0', '날짜': '2024.09.12.', '내용': '정말 여기서 크라운 씌우고 2-5년동안  \n이빨 정말 불편하게 만드셨어요.\n치료하고 직후에... 더보기', '좋아요': '1'}]","{'금': '09:30 ~ 18:30', '토': '09:30 ~ 13:30', '월': '09:30 ~ 18:30', '화': '09:30 ~ 18:30', '수': '09:30 ~ 18:30', '목': '09:30 ~ 18:30'}"
헤이데이의원명동,0.0,중구 남대문로 90 명동N빌딩 7층,//img1.kakaocdn.net/cthumb/local/C544x408.q50/?fname=http%3A%2F%2Ft1.kakaocdn.net%2Fmystore%2FFCB6492B0A494E528B268DCCD5DBAD91,"[{'작성자': '', '별점': '', '날짜': '', '내용': ' ', '좋아요': '0'}]","{'금': '11:00 ~ 21:00', '토': '11:00 ~ 17:00', '월': '11:00 ~ 21:00', '화': '11:00 ~ 21:00', '수': '11:00 ~ 21:00', '목': '11:00 ~ 21:00'}"
쌍용치과의원,4.5,중구 마른내로 23,,"[{'작성자': '', '별점': '', '날짜': '', '내용': ' ', '좋아요': '0'}]","{'금': '09:30 ~ 17:30', '토': '09:30 ~ 13:00', '월': '09:30 ~ 17:30', '화': '09:30 ~ 17:30', '수': '09:30 ~ 17:30', '목': '09:30 ~ 17:30'}"
서울세연치과의원,5.0,중구 무교로 15 9층 906호,,"[{'작성자': '!!', '별점': '5.0', '날짜': '2024.04.26.', '내용': '친절하고 정확한 진단과 충치치료 하나도 안아팠습니다. 그리고 치아본뜨는 기계가 있었고 보통 입에 물고 위아래 본뜨는게 아니라 기계로 치아를 스캔했는데 너무 편하고 좋았습니다!', '좋아요': '0'}, {'작성자': 'Prajnaparmita', '별점': '5.0', '날짜': '2024.01.22.', '내용': '선생님의 자상함과  진료가 너무 좋아요. 이 치과 너무 좋아요 감사합니다.', '좋아요': '0'}, {'작성자': '탁구', '별점': '5.0', '날짜': '2022.08.25.', '내용': '최고에요', '좋아요': '0'}]","{'금': '10:00 ~ 17:00', '토': '10:00 ~ 13:00', '월': '10:00 ~ 17:30', '화': '10:00 ~ 17:30', '수': '10:00 ~ 17:30', '목': '10:00 ~ 17:30'}"
리엔장의원 명동점,,중구 명동길 14 눈스퀘어 5층,//img1.kakaocdn.net/cthumb/local/C544x408.q50/?fname=http%3A%2F%2Ft1.kakaocdn.net%2Fmystore%2F7804CC102A224509B66C26D24533924C,"[{'작성자': '', '별점': '', '날짜': '', '내용': ' ', '좋아요': '0'}]","{'금': '11:00 ~ 20:00', '토': '11:00 ~ 17:00', '일': '11:00 ~ 17:00', '월': '11:00 ~ 20:00', '화': '11:00 ~ 20:00', '수': '11:00 ~ 20:00', '목': '11:00 ~ 20:00', '휴무일': '설당일, 설다음날, 어린이날'}"
아이비치과의원 시청역센터,5.0,중구 무교로 12 정오빌딩 3층,//img1.kakaocdn.net/cthumb/local/C544x408.q50/?fname=http%3A%2F%2Ft1.kakaocdn.net%2Fmystore%2F092739936607473EA005FC36F35AAA7C,"[{'작성자': '하나.두울.', '별점': '5.0', '날짜': '2024.01.28.', '내용': '선생님 과잉치료 없고 꼼꼼하고 실력있으심\n가까운 치과로 떠돌아 다니다 한번 병원 바꾼 이후로 멀어도 요기로 정착했슴다', '좋아요': '0'}]","{'금': '09:00 ~ 18:00', '토': '09:00 ~ 13:00', '일': '휴무일', '월': '09:00 ~ 18:00', '화': '09:00 ~ 18:00', '수': '09:00 ~ 18:00', '목': '휴무일', '휴무일': '공휴일'}"
선치과의원,5.0,종로구 대학로 20 1층,,"[{'작성자': '평가왕', '별점': '5.0', '날짜': '2024.11.02.', '내용': '악치과 만들어주소', '좋아요': '0'}, {'작성자': 'Gordon', '별점': '5.0', '날짜': '2022.05.11.', '내용': '어릴적 부터 치아가 안좋아 여러 치과를\n다녀 보았으나 여기선생님 처럼 꼼꼼히 \n봐주시는... 더보기', '좋아요': '1'}, {'작성자': '수진:P', '별점': '5.0', '날짜': '2019.11.25.', '내용': '최고', '좋아요': '0'}]","{'금': '09:00 ~ 17:00', '토': '10:00 ~ 12:00', '월': '09:00 ~ 17:00', '화': '09:00 ~ 17:00', '수': '09:00 ~ 17:00', '목': '09:00 ~ 17:00'}"
명동하나이비인후과의원,4.4,중구 남대문로 68 고려빌딩 3층,//img1.kakaocdn.net/cthumb/local/C544x408.q50/?fname=http%3A%2F%2Ft1.daumcdn.net%2Flocal%2FkakaomapPhoto%2Freview%2Fe619f08ac7a82fc5964647733f5807b223ce9af2%3Foriginal,"[{'작성자': '에스더', '별점': '5.0', '날짜': '2025.03.20.', '내용': '진료를 이런식으로 받으니 다 나은 너낌. 감사합니당^^', '좋아요': '0'}, {'작성자': '차누', '별점': '5.0', '날짜': '2025.02.13.', '내용': '석션맛집.. 영혼까지 시원해지는 느낌', '좋아요': '1'}, {'작성자': '물회킬러', '별점': '3.0', '날짜': '2025.02.03.', '내용': '다 좋은데 대기시간이 너무 길어서 1시간30분은 잡고 움직여야 하고 그로 인해 접수마감이 이르게 될때가 있습니다. 멀리서 찾아오는 환자라 허탕도 치게돼요ㅠ', '좋아요': '0'}]","{'금': '09:30 ~ 18:00', '토': '09:30 ~ 13:00', '일': '휴무일', '월': '09:30 ~ 18:00', '화': '09:30 ~ 18:00', '수': '09:30 ~ 12:50', '목': '09:30 ~ 18:00', '휴무일': '공휴일'}"
해맑은한의원,,종로구 성균관로 13-1 1층,,"[{'작성자': '', '별점': '', '날짜': '', '내용': ' ', '좋아요': '0'}]","{'금': '10:00 ~ 20:00', '토': '10:00 ~ 15:00', '일': '10:00 ~ 15:00', '월': '10:00 ~ 20:00', '화': '10:00 ~ 20:00', '수': '10:00 ~ 20:00', '목': '10:00 ~ 20:00'}"
박주형신경정신과의원,1.0,중구 을지로 196 경명빌딩 202호,,"[{'작성자': '이다솜', '별점': '1.0', '날짜': '2022.02.24.', '내용': '진짜 개♩♬♩♬ 원래 가던 병원이 잠깐 쉬어서 급해서 가까운데 찾아 온건데 처방전 다 있고 이대로만 주시면 된다 진료는 다 그 병원에서 본다 하니까 아무것도 모르는데 약을 줄순 없다 ... 더보기', '좋아요': '1'}, {'작성자': '최문선', '별점': '1.0', '날짜': '2021.08.11.', '내용': '1년가까이 다녀봤지만 선생이 꼰대임 환자가 그약은 증상이 더 심해진다는데 무조건 이론따지고 앉아있고 지말이 곧 옳은것처럼 말하고 있는데 결과는 증상만 더 심해짐 막판엔 지가 돌보던 환자도 지 성질난다... 더보기', '좋아요': '2'}]","{'금': '09:00 ~ 16:00', '토': '09:00 ~ 12:00', '월': '09:00 ~ 16:00', '화': '09:00 ~ 16:00', '수': '09:00 ~ 16:00', '목': '09:00 ~ 16:00'}"
종로홍제한의원,0.0,종로구 종로33길 4 삼보빌딩 2층,,"[{'작성자': '', '별점': '', '날짜': '', '내용': ' ', '좋아요': '0'}]","{'금': '10:00 ~ 18:00', '토': '10:00 ~ 16:00', '월': '10:00 ~ 18:00', '화': '10:00 ~ 18:00', '수': '10:00 ~ 18:00', '목': '10:00 ~ 18:00'}"
서린연세치과,5.0,종로구 종로 14 한국무역보험공사빌딩 지하1층,,"[{'작성자': '서인희', '별점': '5.0', '날짜': '2021.05.13.', '내용': '갈때마다 느낍니다 선생님 정말 정직하세요 \n정직한 치료에 꼼꼼하셔서 참 감사합니다', '좋아요': '0'}]","{'금': '10:00 ~ 21:00', '토': '휴무일', '일': '휴무일', '월': '10:00 ~ 21:00', '화': '10:00 ~ 21:00', '수': '10:00 ~ 21:00', '목': '10:00 ~ 21:00', '휴무일': '공휴일'}"
서울미소치과,0.0,종로구 종로 223-1,,"[{'작성자': '', '별점': '', '날짜': '', '내용': ' ', '좋아요': '0'}]",{}
종로보령피부과의원,2.0,종로구 종로 241-1 2층,//img1.kakaocdn.net/cthumb/local/C544x408.q50/?fname=https%3A%2F%2Fpostfiles.pstatic.net%2FMjAyMzExMjNfMTcw%2FMDAxNzAwNzA4NTg5NjY5.bsNGz6FojWZWYJCymGHK_hL-LG31mtcczJ4ZfsEBH4cg.2lENu5CNWOiWt9qrWeJXSv2G5ZAQ0OBg5fPc50XrONkg.JPEG.nester99%2F20231123%25EF%25BC%25BF114609.jpg%3Ftype%3Dw966,"[{'작성자': 'mintfelix', '별점': '3.0', '날짜': '2025.02.03.', '내용': '원장님들은 다 친절하십니다\n일부 직원들의 불친절과 비전문성은 아쉬움을 더합니다\n비보험의 경우 미리 비용을 말해주는게 당연한것 같은데요', '좋아요': '0'}, {'작성자': '.', '별점': '1.0', '날짜': '2023.07.13.', '내용': '피부과의사 퇴근했다고 말도없이 내과의사 진료보게함. 문제는 내과의사분 연세가80가까이 돼 보이던데,,,,,비립종 물었는데 턱 만지더니 성형외과를 가보라 하고, 연고 처방해달라 했는데 알겠다고 하시곤 처... 더보기', '좋아요': '1'}]","{'금': '11:00 ~ 17:00', '토': '휴무일', '일': '휴무일', '월': '11:00 ~ 17:00', '화': '13:00 ~ 17:00', '수': '11:00 ~ 17:00', '목': '11:00 ~ 17:00', '휴무일': '매주 토요일, 일요일'}"
예담치과의원,5.0,종로구 종로 230-2 2층,//img1.kakaocdn.net/cthumb/local/C1104x408.q50/?fname=http%3A%2F%2Ft1.daumcdn.net%2Flocal%2FkakaomapPhoto%2Freview%2F34028b72fc3aef7aec11e0e7a8228690e4645a8d%3Foriginal,"[{'작성자': 'Isaac', '별점': '5.0', '날짜': '2021.02.08.', '내용': '착한치과 인정합니다. 화려한 치과들 처럼 따로 코디한테 안내 받고 그러지 않아 오히려 마음 편하고 딱 필요한 진료, 착한 진료비에 추천해요. 사랑니 빼는거 겁먹고... 더보기', '좋아요': '0'}, {'작성자': '명은*marie', '별점': '5.0', '날짜': '2020.02.11.', '내용': '일요일에 이가 깨져서 곤란하고 급했는데 진료 볼 수 있어서 좋았어요. 가격도 저렴하고 과잉진료 하지 않구요. 건물은 오래되었지만 내부는 깨끗해요. 외국인들 위해서도 진료하시는것 같은데, 선생님들이 모두 정직하고 신뢰가 갔어요.', '좋아요': '0'}]","{'금': '10:00 ~ 18:00', '일': '10:00 ~ 15:00', '월': '10:00 ~ 18:00', '화': '10:00 ~ 18:00', '수': '10:00 ~ 18:00', '목': '10:00 ~ 18:00'}"
써밋의원 광화문점,5.0,중구 세종대로22길 12 광화문G스퀘어 3층,//img1.kakaocdn.net/cthumb/local/C544x408.q50/?fname=http%3A%2F%2Ft1.kakaocdn.net%2Ffiy_reboot%2Fplace%2F03662ED54C4A4F01B511ED303921837A,"[{'작성자': 'Lucia', '별점': '5.0', '날짜': '2025.03.25.', '내용': '지인추천 받고 가오픈기간에 다녀왔습니다. 볼패임이 항상 고민이었는데 원장님께 상담 후 레디어스 시술 받았어요. 신기한게 시술 받고 바로 효과가 나타나... 더보기', '좋아요': '2'}, {'작성자': 'travel라이프', '별점': '5.0', '날짜': '2025.03.25.', '내용': '회사 근처에 피부과 오픈해서 행사한다길래 다녀왔습니다. 실장님께 상담받고 좋은 가격으로 시술까지 잘받고 왔어요. 오픈한지 얼마 안돼서 그런가 환자가 많지 않아서 대기 없이 빨리 시술받은 것도 정말 좋았습니다.', '좋아요': '2'}, {'작성자': 'mkim', '별점': '5.0', '날짜': '2025.03.21.', '내용': '회사 근처에 신상 피부과가 생겨서 가오픈 기간중에 방문했는데 병원이 상당히 크고 깔끔합니다.\n미용 관련 시술 외에도 피부질환 ... 더보기', '좋아요': '1'}]","{'금': '10:30 ~ 20:30', '토': '09:30 ~ 16:30', '일': '휴무일', '월': '10:30 ~ 20:30', '화': '10:30 ~ 20:30', '수': '10:30 ~ 20:30', '목': '10:30 ~ 20:30', '휴무일': '공휴일'}"
뿌리치과의원,5.0,종로구 종로 226-1,,"[{'작성자': '정준학', '별점': '5.0', '날짜': '2022.12.31.', '내용': '의사선생님이 친절하고 과잉진료없이 잘 치료해주십니다 가본 치과 중 제일 좋네요', '좋아요': '0'}, {'작성자': '안영준', '별점': '5.0', '날짜': '2021.12.30.', '내용': '원장님 치료 잘합니다', '좋아요': '0'}, {'작성자': 'kjy', '별점': '5.0', '날짜': '2020.03.10.', '내용': '다른 곳에서 충치 6개라고 해 소개받고 여기 갔는데 실제 충치는 2개이고 나머지는 착색이라네요 \n과잉진료 없고 믿을 수 있어 추천요', '좋아요': '2'}]","{'금': '09:00 ~ 18:00', '월': '09:00 ~ 18:00', '화': '09:00 ~ 18:00', '수': '09:00 ~ 18:00', '목': '09:00 ~ 18:00'}"
덴티스타치과의원,4.8,중구 명동길 56 지성빌딩 6층,//img1.kakaocdn.net/cthumb/local/C544x408.q50/?fname=http%3A%2F%2Ft1.kakaocdn.net%2Fmystore%2F280F570D7EC546D4BD90B14771EE7ADB,"[{'작성자': '김천일', '별점': '5.0', '날짜': '2023.03.18.', '내용': '치과규모에 비해서 일대일 진료를 받는 느낌이 너무 좋았습니다.', '좋아요': '0'}, {'작성자': '홍홍홍', '별점': '5.0', '날짜': '2018.10.12.', '내용': '말이 필요없는 최고의 치과예요, 스케일링 해야하는데...하고 생각하다가 급 생각나서 별점 남기러왔어요ㅎㅎ 사정상 한참 못갔지만 저희가족 인생치과 입니다, 하버드에서 공부하시고 비싼땅에 개원하셨지만 예상외... 더보기', '좋아요': '2'}]","{'금': '10:00 ~ 18:30', '토': '10:00 ~ 14:30', '일': '휴무일', '월': '10:00 ~ 18:30', '화': '10:00 ~ 19:00', '수': '10:00 ~ 19:00', '목': '10:00 ~ 18:30', '휴무일': '공휴일'}"
채움마취통증의학과의원,,종로구 새문안로 103 선광빌딩 3층,//img1.kakaocdn.net/cthumb/local/C544x408.q50/?fname=http%3A%2F%2Ft1.daumcdn.net%2Flocalfiy%2FF4648588588F445CB437FB3DA211184B,"[{'작성자': '', '별점': '', '날짜': '', '내용': ' ', '좋아요': '0'}]","{'금': '09:30 ~ 19:00', '토': '휴무일', '일': '휴무일', '월': '09:30 ~ 19:00', '화': '09:30 ~ 19:00', '수': '09:30 ~ 20:00', '목': '09:30 ~ 19:00', '휴무일': '공휴일'}"
카린의원 karin clinic,4.8,중구 명동10길 18 세림빌딩 4층,//img1.kakaocdn.net/cthumb/local/C544x408.q50/?fname=https%3A%2F%2Fpostfiles.pstatic.net%2FMjAyNDExMTVfNDkg%2FMDAxNzMxNjM3OTM4OTQ3.39ee-dushjUYX01wl5pR8VbcaGFeuKwoY66UjaNkVOYg.1BHvGPl-_lX-cu4cCR1oLxIaUky4XcN9gV-xAAg8ss8g.JPEG%2F(new)VIP%25EB%25A3%25B8_(1)_014.jpg%3Ftype%3Dw275,"[{'작성자': 'yangz', '별점': '5.0', '날짜': '2024.08.27.', '내용': '새로 오픈해서 그런지 깨끗하고 깔끔했고 엘디엠 자주 받는데 클렌징 해주는 병원은 여기가 처음이였어요 관리받는 동안 신경써주시는게 느껴져서 너무 좋았습니다 또 방문하겠습니다', '좋아요': '0'}, {'작성자': 'hj', '별점': '5.0', '날짜': '2024.08.15.', '내용': '사무실이 가까운데 추천받고 가봤습니다. 병원 분위기도 너무 좋고 원장님, 직원분들 모두 너무 친절했습니다. 울쎄라 처음 받았는데 대만족! 추천합니다', '좋아요': '0'}, {'작성자': '민경', '별점': '5.0', '날짜': '2024.08.13.', '내용': '회사 근처 피부과 찾다가 새로 개원했다고해서 갔는데 원장님하고 직원분들도 너무 친절하시고 시술도 마음에 들어서 만족합니다. 자주 올꺼같아요~', '좋아요': '0'}]","{'금': '10:00 ~ 20:00', '토': '10:00 ~ 16:00', '월': '10:00 ~ 20:00', '화': '10:00 ~ 20:00', '수': '10:00 ~ 20:00', '목': '10:00 ~ 20:00'}"
광화문헤리티크피부과의원,,종로구 새문안로 91 광화문 고려빌딩 2층,//img1.kakaocdn.net/cthumb/local/C544x408.q50/?fname=http%3A%2F%2Ft1.kakaocdn.net%2Fmystore%2F4D1CB605DBE2451D8C00600690D03FE0,"[{'작성자': '', '별점': '', '날짜': '', '내용': ' ', '좋아요': '0'}]","{'금': '10:00 ~ 19:30', '토': '10:00 ~ 14:30', '일': '휴무일', '월': '10:00 ~ 19:30', '화': '10:00 ~ 19:30', '수': '10:00 ~ 19:30', '목': '10:00 ~ 19:30', '휴무일': '매주 일요일'}"
이치과의원,0.0,중구 세종대로20길 23 원창빌딩 516호,,"[{'작성자': '', '별점': '', '날짜': '', '내용': ' ', '좋아요': '0'}]","{'금': '10:00 ~ 18:00', '월': '10:00 ~ 18:00', '화': '10:00 ~ 18:00', '수': '10:00 ~ 18:00', '목': '10:00 ~ 18:00'}"
좋은미소치과의원,0.0,종로구 종로 223-1,,"[{'작성자': '', '별점': '', '날짜': '', '내용': ' ', '좋아요': '0'}]","{'금': '10:00 ~ 17:00', '토': '10:00 ~ 12:00', '월': '10:00 ~ 17:00', '화': '10:00 ~ 17:00', '수': '10:00 ~ 17:00', '목': '10:00 ~ 17:00'}"
KT광화문부속의원,0.0,종로구 종로3길 33 광화문빌딩 East 13층,,"[{'작성자': '', '별점': '', '날짜': '', '내용': ' ', '좋아요': '0'}]",{}
그랑메디의원,3.0,중구 명동7길 21 명동아르누보센텀 406호,//img1.kakaocdn.net/cthumb/local/C544x408.q50/?fname=http%3A%2F%2Ft1.daumcdn.net%2Flocal%2FkakaomapPhoto%2Freview%2F1b281a3db5b6e1e71b06b805c81660a3ff5421a7%3Foriginal,"[{'작성자': '초코랑', '별점': '5.0', '날짜': '2022.10.01.', '내용': '원장님 친절한 상담과 시술에 만족해요.', '좋아요': '0'}, {'작성자': '미미', '별점': '1.0', '날짜': '2022.07.22.', '내용': '한 개도 아깝고요 단순 진료받으러 간 건데 \n관리 받게 하려는 속셈+ 극단적으로 기분 나쁘게 말하는 건 또 무슨 ㅎ 살면서 갔던 병원 중에 제일 별로에요', '좋아요': '0'}, {'작성자': '냠냠', '별점': '5.0', '날짜': '2021.08.24.', '내용': '선생님 완전 친절해요!! 가격도 넘나 저렴~~~', '좋아요': '0'}]","{'금': '11:00 ~ 20:30', '토': '11:00 ~ 17:00', '일': '휴무일', '월': '11:00 ~ 20:30', '화': '11:00 ~ 20:30', '수': '11:00 ~ 20:30', '목': '11:00 ~ 20:30', '휴무일': '공휴일'}"
광화문선치과의원,4.4,중구 세종대로 135-9 3층,//img1.kakaocdn.net/cthumb/local/C544x408.q50/?fname=http%3A%2F%2Ft1.daumcdn.net%2Flocal%2FkakaomapPhoto%2Freview%2F9aff879f2e67e5815204b6e3825436e954b33d55%3Foriginal,"[{'작성자': '조서희', '별점': '5.0', '날짜': '2025.02.25.', '내용': '치아 봐주시는 분들 모두 친절하시고, \n과잉진료 없이 깔끔하게 봐주셨어요', '좋아요': '0'}, {'작성자': '영화', '별점': '5.0', '날짜': '2025.02.21.', '내용': '턱관절 때문에 고생중이라 외국거주임에도\n여기로 다닙니다! 원장님처럼 턱관절 상세히 설명해주시구 치료 잘해주시는 곳이 없어요 !\n과... 더보기', '좋아요': '0'}, {'작성자': '경민', '별점': '5.0', '날짜': '2025.02.20.', '내용': '턱관절 문제로 처음 방문했는데 충치 치료도 친절하고 꼼꼼하게 잘 해주셨어요!\n\n중간중간 불편한 부분 있는지도 챙... 더보기', '좋아요': '0'}]","{'금': '10:00 ~ 19:00', '토': '10:00 ~ 14:00', '월': '10:00 ~ 19:00', '화': '10:00 ~ 21:00', '수': '10:00 ~ 19:00', '목': '10:00 ~ 21:00'}"
세종로한의원,5.0,종로구 새문안로 103,//img1.kakaocdn.net/cthumb/local/C1104x408.q50/?fname=http%3A%2F%2Ft1.daumcdn.net%2Flocal%2FkakaomapPhoto%2Freview%2F5fec9d6eeb1eb084cbcb1a93aeba59c7e933ceb1%3Foriginal,"[{'작성자': 'hy', '별점': '5.0', '날짜': '2025.01.05.', '내용': '여기 메인 간호사 항상 웃음 띈 표정, 내 스타일~\n내가 공유였다면 바로 대시했을텐데...', '좋아요': '1'}, {'작성자': '사냥개', '별점': '5.0', '날짜': '2024.07.29.', '내용': '여기 선생님 좀 짱이신듯.... 침 너무 안아파서 갸우뚱 하고 집에 가서 한숨 자면 그다음날 몸이 완전 가벼워져있어요 너무신기함', '좋아요': '0'}, {'작성자': 'JOINT CLUB', '별점': '5.0', '날짜': '2022.07.08.', '내용': '원장님 꼼꼼히 봐주시고\n간호사분들도 친절해서\n편하게 치료받고 왔네요.', '좋아요': '0'}]","{'금': '10:00 ~ 19:30', '월': '10:00 ~ 19:30', '화': '10:00 ~ 19:30', '수': '10:00 ~ 19:30', '목': '10:00 ~ 19:30'}"
한국의학연구소한국중부의원,0.0,종로구 세종대로 149 세종빌딩 2-4층,,"[{'작성자': '', '별점': '', '날짜': '', '내용': ' ', '좋아요': '0'}]","{'금': '07:00 ~ 16:00', '토': '07:00 ~ 12:30', '월': '07:00 ~ 16:00', '화': '07:00 ~ 16:00', '수': '07:00 ~ 12:30', '목': '07:00 ~ 16:00'}"
경희인한의원,4.7,중구 세종대로20길 23 원창빌딩 6층 608호,//img1.kakaocdn.net/cthumb/local/C544x408.q50/?fname=http%3A%2F%2Ft1.daumcdn.net%2Flocalfiy%2Fsearchregister_1712196806,"[{'작성자': '쟈근시골쥐', '별점': '5.0', '날짜': '2023.02.26.', '내용': '화타의 귀환...\n침을 잘 쓰시는 거 같아요 1년 동안 안 낫던 교통사고 후유증도 완치는 아니지만 매선침 맞고 호전됐고 몸에 대해... 더보기', '좋아요': '0'}, {'작성자': '쿠팔', '별점': '5.0', '날짜': '2022.08.08.', '내용': '처음갔을때 야간진료랑 퇴근길 루트에 적합한것만 보고 그냥 간곳.\n선생님은 굉장히 시크하시다. 아픈곳이 어디냐 자세하게 물어봐주시곤 여러종류의 침을 쉴새 없이 놓아주시는데 색다른 ... 더보기', '좋아요': '0'}, {'작성자': '레빗', '별점': '5.0', '날짜': '2022.06.29.', '내용': '처음 간 한의원인데 하루만에 효과 짱\n평소에 목 어깨 아파서 여러 한의원 갔지만 별 효과 없었는데\n드디어 잘 하는 한의원 찾았어요!', '좋아요': '0'}]","{'금': '12:30 ~ 19:00', '토': '휴무일', '일': '휴무일', '월': '09:30 ~ 19:30', '화': '09:30 ~ 19:30', '수': '09:30 ~ 19:30', '목': '09:30 ~ 19:30', '휴무일': '공휴일'}"
일등플란트치과의원,0.0,종로구 종로 226 3층,//img1.kakaocdn.net/cthumb/local/C544x408.q50/?fname=https%3A%2F%2Fpostfiles.pstatic.net%2FMjAyMzExMThfNjUg%2FMDAxNzAwMzA2ODczMzQ5.f8R3mcLycvXY4mtd93w5NaP0IrgBcmh_qQYF_siZxPYg.pzt4LYZUoWURhlfSMRCBiDgnA8XSNWMT_n7y3o69AnUg.JPEG.smilkity%2F20231117%25EF%25BC%25BF114948.jpg%3Ftype%3Dw580,"[{'작성자': '', '별점': '', '날짜': '', '내용': ' ', '좋아요': '0'}]","{'금': '09:00 ~ 18:00', '토': '휴무일', '일': '휴무일', '월': '09:00 ~ 18:00', '화': '09:00 ~ 18:00', '수': '09:00 ~ 18:00', '목': '09:00 ~ 18:00', '휴무일': '공휴일'}"
위즈미 피부과,0.0,중구 명동7길 21,,"[{'작성자': '', '별점': '', '날짜': '', '내용': ' ', '좋아요': '0'}]",{}
유정이비인후과,3.8,종로구 새문안로 91 고려빌딩 5층,,"[{'작성자': '하와와', '별점': '5.0', '날짜': '2025.03.06.', '내용': '유정이비인후과로 이행시 해보겠습니다\n유정이비인후과는\n신이다', '좋아요': '1'}, {'작성자': '진진', '별점': '5.0', '날짜': '2025.02.11.', '내용': '평일 점심 12:20 방문\n대기 한 명이라 거의 바로 진료 받음 \n의사 선생님 친절하심. 증상 요목조목... 더보기', '좋아요': '0'}, {'작성자': '정', '별점': '5.0', '날짜': '2025.01.07.', '내용': '여기 과잉진료도 없고 fm이에요\n그래서 좋아요\n근데 간호사분은 뚱하시긴허는데 막상 물어보면... 더보기', '좋아요': '0'}]","{'금': '09:00 ~ 18:30', '토': '09:00 ~ 14:00', '월': '09:00 ~ 18:30', '화': '09:00 ~ 18:30', '수': '09:00 ~ 18:30', '목': '09:00 ~ 18:30'}"
연세자연치과의원,0.0,종로구 세종대로 159 세광빌딩 8층,//img1.kakaocdn.net/cthumb/local/C544x408.q50/?fname=http%3A%2F%2Ft1.kakaocdn.net%2Fmystore%2F5B41A7C03ED64331965CA5CDA067417A,"[{'작성자': '', '별점': '', '날짜': '', '내용': ' ', '좋아요': '0'}]","{'금': '10:00 ~ 18:30', '토': '휴무일', '월': '10:00 ~ 21:00', '화': '10:00 ~ 18:30', '수': '휴무일', '목': '10:00 ~ 21:00', '휴무일': '매주 수요일, 토요일'}"
셀린의원 명동,0.0,중구 남대문로7길 16 소공 한국빌딩 1층,//img1.kakaocdn.net/cthumb/local/C544x408.q50/?fname=http%3A%2F%2Ft1.kakaocdn.net%2Fmystore%2F1C64FEBA3704410DB1C0859FD91579DF,"[{'작성자': '', '별점': '', '날짜': '', '내용': ' ', '좋아요': '0'}]","{'금': '10:30 ~ 20:30', '토': '10:00 ~ 17:00', '일': '10:00 ~ 17:00', '월': '10:30 ~ 20:30', '화': '10:30 ~ 20:30', '수': '10:30 ~ 20:30', '목': '10:30 ~ 20:30', '휴무일': '추석당일, 설전날, 설당일'}"
사단법인 국제굿피플나눔본부 반석샘물치과의원,0.0,종로구 종로 233-1 3층,,"[{'작성자': '', '별점': '', '날짜': '', '내용': ' ', '좋아요': '0'}]","{'금': '09:30 ~ 18:30', '토': '09:30 ~ 13:00', '월': '09:30 ~ 18:30', '화': '09:30 ~ 18:30', '수': '09:30 ~ 18:30', '목': '09:30 ~ 18:30'}"
명동라라의원,4.5,중구 남대문로 68 5층,//img1.kakaocdn.net/cthumb/local/C544x408.q50/?fname=https%3A%2F%2Fpostfiles.pstatic.net%2FMjAyNTAyMDdfMjc0%2FMDAxNzM4OTEyNTkxMDY1.Ydp5ADaOMgCWbAO3ShDKTYEyrNNqqJ4TuIcotEdRWf0g.EL1Ks65g7Y8R-n6d-x-AoNtLPCro15xFDmzQAEt7yhIg.JPEG%2F%25ED%258F%25AD%25EC%258B%259D.jpg%3Ftype%3Dw966,"[{'작성자': '수민', '별점': '5.0', '날짜': '2024.12.10.', '내용': '약  3번먹어도 되냐고 물어봤다가  혼났음ㅋㅋ\n초진은 설명시간있고 상담시간 있어서 시간이 조금 더걸림..약국도 옆에  있어서 빠름 오... 더보기', '좋아요': '0'}, {'작성자': 'chimaan', '별점': '5.0', '날짜': '2024.09.25.', '내용': '약먹은지 40일차 내돈내산 후기입니다.\n\n결론부터 말씀드리면\n효과 -> 무조건 있습니다.\n부작용 -> 있습니다. 전 부작용은 크지 않... 더보기', '좋아요': '2'}, {'작성자': '김혜지', '별점': '5.0', '날짜': '2024.01.22.', '내용': '다들 친절하시고 꼼꼼하게 설명 잘해주세요 ^^', '좋아요': '0'}]","{'금': '11:00 ~ 19:30', '토': '11:00 ~ 15:30', '월': '11:00 ~ 19:30', '화': '11:00 ~ 19:30', '수': '11:00 ~ 19:30', '목': '11:00 ~ 19:30', '휴무일': '공휴일'}"
김동진성형외과의원,3.7,중구 명동길 36-1 삼호빌딩 4층,,"[{'작성자': '평가왕', '별점': '5.0', '날짜': '2024.11.05.', '내용': '삼성라이온즈 김동진 선수 다시 데리고온나', '좋아요': '0'}, {'작성자': '송재원', '별점': '5.0', '날짜': '2021.09.04.', '내용': '꼼꼼하게 잘해주셔서 좋아요', '좋아요': '0'}, {'작성자': '.', '별점': '1.0', '날짜': '2020.12.06.', '내용': '별로에요. 상처나서 꼬매로 갔는데 실밥자국 그대로 남아있고 상처자국도 그대로 있어요', '좋아요': '0'}]","{'금': '10:00 ~ 18:00', '토': '10:00 ~ 12:00', '월': '10:00 ~ 18:00', '화': '10:00 ~ 18:00', '수': '10:00 ~ 18:00', '목': '10:00 ~ 18:00'}"
세연치과,3.7,중구 퇴계로27길 28 한영빌딩 3층,,"[{'작성자': 'sally', '별점': '1.0', '날짜': '2022.10.01.', '내용': '치료과정에서 너무 고생을 많이 해서 정말 다시 가고 싶지 않은 곳이에요 ㅜㅜ', '좋아요': '0'}, {'작성자': '소니', '별점': '5.0', '날짜': '2022.01.04.', '내용': '친절하고 신뢰가 갑니다ㅎㅎ', '좋아요': '0'}, {'작성자': '김지현', '별점': '5.0', '날짜': '2018.03.19.', '내용': '오늘 처음가서 검사받았습니다. 친절한건 둘째치더라도\n설명을 되게 잘해주셔서 신뢰감있는 치과라고 생각해요', '좋아요': '0'}]","{'금': '10:00 ~ 18:00', '월': '10:00 ~ 18:00', '화': '10:00 ~ 18:00', '수': '10:00 ~ 18:00', '목': '10:00 ~ 18:00'}"
서울남정치과의원,5.0,종로구 창경궁로 243 2층,//img1.kakaocdn.net/cthumb/local/C1104x408.q50/?fname=http%3A%2F%2Ft1.daumcdn.net%2Flocal%2FkakaomapPhoto%2Freview%2F20814ad87cc3e30ea52e844a83b9315f9af900b9e109078fc2e9fd0c175978e1,"[{'작성자': '고영숙', '별점': '5.0', '날짜': '2025.01.06.', '내용': '사랑니 빼러 방문했습니다. 의사쌤께서 정말 친절하게 하나하나 제 치아의 구조랑 문제점(제가 이제까지 모르고 잇었던...)까지 얘기해 주셔서 좋았습니다.... 더보기', '좋아요': '0'}, {'작성자': '안재홍', '별점': '5.0', '날짜': '2024.11.26.', '내용': '이뽑았는데. 마취 안아프게 잘해서 잘 뽑았네요.^^... 친절 은 기본,  설명도 자세하게 해주셨어요..  감사합니다..', '좋아요': '0'}]","{'금': '09:30 ~ 18:30', '토': '09:30 ~ 13:30', '월': '09:30 ~ 18:30', '화': '09:30 ~ 18:30', '수': '09:30 ~ 18:30', '목': '09:30 ~ 18:30'}"
연세미소래치과,0.0,중구 명동길 26 유네스코회관 5층,,"[{'작성자': '', '별점': '', '날짜': '', '내용': ' ', '좋아요': '0'}]","{'금': '10:00 ~ 18:00', '토': '09:30 ~ 13:00', '월': '10:00 ~ 18:00', '화': '10:00 ~ 18:00', '수': '10:00 ~ 18:00', '목': '10:00 ~ 18:00'}"
메디홈가정의학과의원,4.0,종로구 새문안로 103 선광빌딩 4층,//img1.kakaocdn.net/cthumb/local/C1104x408.q50/?fname=http%3A%2F%2Ft1.daumcdn.net%2Flocal%2FkakaomapPhoto%2Freview%2F46cd006fda9f0a92e8f55284e97afcc852139426%3Foriginal,"[{'작성자': 'XD', '별점': '5.0', '날짜': '2024.03.08.', '내용': '예약진료는 아니라서 대기는 좀 했는데 의사선생님께서 여자분이라서 저는 편하게 진료를 봤어요. 부인과? 쪽 진료랑 복통진료 같이 봤는데 간단한 검사 후에 약과 주사 처방받고 많이 좋아졌어요. 의... 더보기', '좋아요': '0'}, {'작성자': '연주', '별점': '5.0', '날짜': '2024.03.08.', '내용': '너무 원장님도 전문적이시고 약도 안들고 원인을 못 찾아 여기저기 병원을 다녔는데 여기서 원인을 알았네요ㅠ 약 먹고 진짜 좋아졌어요. 감사합니다', '좋아요': '0'}, {'작성자': '맛있는게 좋아요', '별점': '1.0', '날짜': '2023.12.12.', '내용': '시간개념 제로', '좋아요': '0'}]","{'금': '09:00 ~ 18:30', '일': '휴무일', '월': '09:00 ~ 18:30', '화': '09:00 ~ 18:30', '수': '09:00 ~ 18:30', '목': '09:00 ~ 18:30', '휴무일': '매주 일요일'}"
풍전치과의원,1.0,중구 마른내로 71 호텔피제이 2층 205호,,"[{'작성자': '', '별점': '', '날짜': '', '내용': ' ', '좋아요': '0'}]","{'금': '11:00 ~ 18:00', '토': '11:00 ~ 14:00', '월': '11:00 ~ 18:00', '화': '11:00 ~ 18:00', '수': '11:00 ~ 18:00', '목': '11:00 ~ 18:00'}"
마음공간정신건강의학과의원,1.0,종로구 세종대로 159 9층 902호,,"[{'작성자': '김나연', '별점': '1.0', '날짜': '2021.11.13.', '내용': '조언이랍시고 막말..이 의사말 듣지 마세요.\n제가 들은 말들 다 쓰고 싶은데 그동안의\n정이... 더보기', '좋아요': '0'}]","{'금': '08:00 ~ 17:00', '토': '휴무일', '일': '휴무일', '월': '휴무일', '화': '10:00 ~ 19:00', '수': '08:00 ~ 17:00', '목': '08:00 ~ 17:00', '휴무일': '공휴일'}"
동보한의원,0.0,종로구 종로35길 35,,"[{'작성자': '', '별점': '', '날짜': '', '내용': ' ', '좋아요': '0'}]",{}
자혜한의원,5.0,중구 수표로2길 1 동명빌딩 2층,//img1.kakaocdn.net/cthumb/local/C544x408.q50/?fname=http%3A%2F%2Ft1.daumcdn.net%2Flocalfiy%2F8550DF53CA8A418F97DBA796882C3A48,"[{'작성자': '장해영', '별점': '5.0', '날짜': '2023.11.27.', '내용': '허리를 삐끗해서 자혜한의원에 침 맞으러 갔는데, 원장님 너무 친절하시고 침치료 효과 너무 좋았습니다. 이제 아프면 자혜한의원 먼저 생각날 거 같습니다.', '좋아요': '0'}, {'작성자': '★', '별점': '5.0', '날짜': '2023.10.23.', '내용': '원장님께서 침을 너무 잘 놓으셔서 원장님 계신곳마다 따라다니는 1인입니다^^ 권유도 잘 안하시고 친절하시고~ 평생단골 예약이요~~', '좋아요': '0'}, {'작성자': '★이승민★', '별점': '5.0', '날짜': '2023.10.20.', '내용': '오래된 한의원이라 그런지 어디가 아픈지 콕 콕 찝어주시네요ㅋ\n교통사고후유증때문에 스트레스 받았는데 덕분에 조금 마음이 편안해집니다.\n앞으로 잘 부탁드려요 ^^;', '좋아요': '0'}]","{'금': '09:30 ~ 18:30', '토': '09:30 ~ 15:00', '일': '휴무일', '월': '09:30 ~ 18:30', '화': '09:30 ~ 18:30', '수': '09:30 ~ 18:30', '목': '09:30 ~ 18:30', '휴무일': '공휴일'}"
S벨라의원,0.0,종로구 동호로 407,,"[{'작성자': '', '별점': '', '날짜': '', '내용': ' ', '좋아요': '0'}]",{}
김주관치과의원,0.0,중구 동호로 390-3,,"[{'작성자': '', '별점': '', '날짜': '', '내용': ' ', '좋아요': '0'}]","{'금': '10:00 ~ 17:00', '토': '10:00 ~ 12:00', '월': '10:00 ~ 17:00', '화': '10:00 ~ 17:00', '수': '10:00 ~ 17:00', '목': '10:00 ~ 17:00'}"
서울송내과,0.0,중구 을지로 199-2,,"[{'작성자': '', '별점': '', '날짜': '', '내용': ' ', '좋아요': '0'}]",{}
백림마취통증의학과의원,5.0,종로구 종로 241-1 3층,//img1.kakaocdn.net/cthumb/local/C544x408.q50/?fname=http%3A%2F%2Ft1.kakaocdn.net%2Fmystore%2F0C13428424E541338AFFAE433598B899,"[{'작성자': '기억', '별점': '5.0', '날짜': '2024.03.06.', '내용': '주사도 잘놔주시고 친절하게 설명해주셨습니다', '좋아요': '0'}, {'작성자': '행복한세상', '별점': '5.0', '날짜': '2024.03.05.', '내용': '친절하고 진료도 꼼꼼해요', '좋아요': '0'}, {'작성자': '츄링', '별점': '5.0', '날짜': '2024.03.04.', '내용': '지인이 여기 수년동안 다녀서 추천으로 가게 되었는데. 통증 있을때마다 방문합니다. 정형외과는 여러가지 검사하고 도수치료 받으라해서 선호하진 않는데 여긴 좋네요', '좋아요': '0'}]","{'금': '09:00 ~ 18:00', '토': '09:00 ~ 13:00', '월': '09:00 ~ 18:00', '화': '09:00 ~ 18:00', '수': '09:00 ~ 18:00', '목': '09:00 ~ 18:00', '휴무일': '공휴일'}"
연세정인치과의원,4.6,종로구 새문안로 92 광화문오피시아빌딩 1층 102호,//img1.kakaocdn.net/cthumb/local/C544x408.q50/?fname=https%3A%2F%2Fpostfiles.pstatic.net%2FMjAyNDEyMjdfNiAg%2FMDAxNzM1MjcyMjMxMjcx.fEGpUgNPAdyb5A8n-HgiZeedfINIbLuFQ2hInh_al-cg.TnxPJqnGEqAFDlWgw4KuYNwbT4sPQN_ArnhvB9NlDK8g.JPEG%2F%25EC%25A2%2585%25EB%25A1%259C%25EC%2597%25AD%25EC%25B9%2598%25EA%25B3%25BC_(24).jpg%3Ftype%3Dw466,"[{'작성자': 'quando', '별점': '5.0', '날짜': '2025.02.04.', '내용': '과잉진료 X.\n일반검진하러 갔는데 검진 후 이상 없었고\n스케일링하고 돌아갔어요. 가격도 합리적임', '좋아요': '0'}, {'작성자': '초이', '별점': '5.0', '날짜': '2025.01.24.', '내용': '여기서 사랑니 발치, 충치 치료, 스케일링 다 해봤는데 과잉진료 없고 시설 군더더기 없이 깔끔하고 너무너무 좋은 곳이에요. 특히 사랑니 발치는 마취부터 발치까지 과장 조금 보태서 하고 있는지도 몰랐어요..!! 완전 추천합니다', '좋아요': '0'}, {'작성자': '송', '별점': '5.0', '날짜': '2023.01.17.', '내용': '맹세코 알바 아니고.. 여기서 충치치료 임플란트 사랑니 발치까지 다했었고 충치같은 경우 부위 사진찍고 경과 지켜보면서 치료방향 설명해주셨음. 과잉진료 안하시고 친절하시고 마취도 잘하셨고.. 이... 더보기', '좋아요': '3'}]","{'금': '09:30 ~ 18:30', '토': '09:30 ~ 14:00', '일': '휴무일', '월': '09:30 ~ 18:30', '화': '09:30 ~ 18:30', '수': '14:00 ~ 21:00', '목': '09:30 ~ 18:30', '휴무일': '매주 일요일'}"
명동성모가정의학과의원,5.0,중구 명동길 74,//img1.kakaocdn.net/cthumb/local/C544x408.q50/?fname=https%3A%2F%2Fpostfiles.pstatic.net%2FMjAyNDExMjlfMjk2%2FMDAxNzMyODY2ODY2NzAy.Gxj2tTsQWGRWoxlnrBV-SCekj0I1sbZ5V3mZrtdOF6Ug.-iTI_LztA4jw_S4hOpf9DDgMn_eve1SCwdOyC086lLwg.PNG%2Fimage.png%3Ftype%3Dw966,"[{'작성자': 'ㅎㅎ', '별점': '5.0', '날짜': '2023.12.19.', '내용': '원장님 다정다감하시고 진료 꼼꼼하게 봐주셔서 좋아요! 수액 맞았는데 수시로 와서 주사부위 봐주시고 점심시간 중에 간거라 여유가 별로 없었는데 시간도 신경써주셔서 감동👍', '좋아요': '1'}]","{'금': '10:00 ~ 19:00', '토': '10:00 ~ 14:00', '일': '10:00 ~ 14:00', '월': '14:00 ~ 19:00', '화': '10:00 ~ 19:00', '수': '10:00 ~ 19:00', '목': '10:00 ~ 19:00'}"
이림한의원,5.0,중구 남대문로9길 51 4층,//img1.kakaocdn.net/cthumb/local/C544x408.q50/?fname=https%3A%2F%2Fpostfiles.pstatic.net%2FMjAyNDA0MDVfMjEg%2FMDAxNzEyMjg4Mzg5MTQ3.a3nje4ovL70X8v_6E06uxqwLpeeRncXuXT44_ZVD9Dcg.tMI8GuPbJJ6X2QvzO87RrV7Tfm0JyK4YUI-foHM0PuIg.JPEG%2F20240321%25EF%25BC%25BF130530.jpg%3Ftype%3Dw773,"[{'작성자': '', '별점': '', '날짜': '', '내용': ' ', '좋아요': '0'}]","{'금': '10:00 ~ 19:00', '토': '10:00 ~ 15:00', '월': '10:00 ~ 20:00', '화': '10:00 ~ 19:00', '수': '10:00 ~ 19:00', '목': '10:00 ~ 20:00'}"
광화문연치과의원,,중구 세종대로21길 52 1층,//img1.kakaocdn.net/cthumb/local/C544x408.q50/?fname=https%3A%2F%2Fpostfiles.pstatic.net%2FMjAyNDExMTJfNTkg%2FMDAxNzMxMzk0MjQyNDY0.BWnX1lsxlEj6vGvT7xg9hhb0gC-Lk4P5gDlHy3KcPYIg.BwPpJwfhHZlZAfbtsajsuABM6FmA_wOXRdWlBpsCJqIg.PNG%2F%25ED%2582%25A42.png%3Ftype%3Dw773,"[{'작성자': '', '별점': '', '날짜': '', '내용': ' ', '좋아요': '0'}]","{'금': '10:00 ~ 19:00', '토': '휴무일', '일': '휴무일', '월': '10:00 ~ 19:00', '화': '10:00 ~ 21:00', '수': '10:00 ~ 19:00', '목': '10:00 ~ 19:00', '휴무일': '공휴일'}"
종은미소치과의원,0.0,종로구 종로 223-1,,"[{'작성자': '', '별점': '', '날짜': '', '내용': ' ', '좋아요': '0'}]",{}
단아치과의원,0.0,종로구 종로 214,,"[{'작성자': '', '별점': '', '날짜': '', '내용': ' ', '좋아요': '0'}]","{'금': '09:30 ~ 17:00', '토': '09:30 ~ 13:00', '월': '09:30 ~ 17:00', '화': '09:30 ~ 17:00', '수': '09:30 ~ 17:00', '목': '09:30 ~ 17:00'}"
교보생명보험부속의원,0.0,종로구 종로 1 교보생명빌딩 8층,,"[{'작성자': '', '별점': '', '날짜': '', '내용': ' ', '좋아요': '0'}]",{}
하나은행부속치과의원,3.0,중구 을지로 35,,"[{'작성자': '', '별점': '', '날짜': '', '내용': ' ', '좋아요': '0'}]",{}
아우라의원 광화문본점,3.9,중구 세종대로21길 58 3층,//img1.kakaocdn.net/cthumb/local/C544x408.q50/?fname=http%3A%2F%2Ft1.daumcdn.net%2Flocalfiy%2Fsearchregister_679303669,"[{'작성자': '이응이응', '별점': '1.0', '날짜': '2024.04.02.', '내용': '여긴 피부과 의사가 있는 곳이 아니고\n일반의가 있는 곳인듯', '좋아요': '0'}, {'작성자': '4456778', '별점': '1.0', '날짜': '2023.08.04.', '내용': '피부 수술해야하는 상황인데 별거 아니라고 항생제만 잔뜩 처방받았습니다. 항생제는 또 뭐그렇게 알록달록 종류가 많은가요 ㅡㅡ 약국도 근처 아니고 엄청 멀리가라고 하고 \n처... 더보기', '좋아요': '0'}, {'작성자': '딸기', '별점': '5.0', '날짜': '2023.06.05.', '내용': '지인 추천 받고 방문했어요 ~ 원장님이랑 1:1로 시술에 대해서 상세하게 진료 받을 수 있어서 너무 좋았어요~ 그리고 딱 필요한 시술만 추천해주셔서 너무 좋았어요~\n원장님 직원분... 더보기', '좋아요': '0'}]","{'금': '12:00 ~ 20:00', '토': '휴무일', '일': '휴무일', '월': '12:00 ~ 20:00', '화': '12:00 ~ 20:00', '수': '12:00 ~ 16:00', '목': '12:00 ~ 20:00', '휴무일': '공휴일'}"
제일한의원,5.0,종로구 종로 241-1,,"[{'작성자': '', '별점': '', '날짜': '', '내용': ' ', '좋아요': '0'}]","{'금': '08:30 ~ 17:00', '토': '08:30 ~ 14:00', '월': '08:30 ~ 17:00', '화': '08:30 ~ 17:00', '수': '08:30 ~ 17:00', '목': '08:30 ~ 17:00'}"
나온치과의원,5.0,종로구 종로35길 4 백제약국 2층,,"[{'작성자': '', '별점': '', '날짜': '', '내용': ' ', '좋아요': '0'}]","{'금': '09:30 ~ 18:00', '토': '09:30 ~ 13:00', '월': '09:30 ~ 18:00', '화': '09:30 ~ 20:00', '수': '09:30 ~ 18:00', '목': '09:30 ~ 18:00'}"
을지서울치과의원,0.0,중구 을지로 199-2 동암빌딩 4층 401호,,"[{'작성자': '', '별점': '', '날짜': '', '내용': ' ', '좋아요': '0'}]","{'금': '09:00 ~ 17:00', '토': '09:00 ~ 12:00', '월': '09:00 ~ 17:00', '화': '09:00 ~ 17:00', '수': '09:00 ~ 17:00', '목': '09:00 ~ 17:00'}"
정부서울청사 부속의원,0.0,"종로구 세종대로 209 209,210호",,"[{'작성자': '', '별점': '', '날짜': '', '내용': ' ', '좋아요': '0'}]",{}
하나은행부속의원,0.0,중구 을지로 35,,"[{'작성자': '', '별점': '', '날짜': '', '내용': ' ', '좋아요': '0'}]",{}
서울예안치과,5.0,종로구 새문안로 103 성광빌딩 5층,//img1.kakaocdn.net/cthumb/local/C544x408.q50/?fname=https%3A%2F%2Fpostfiles.pstatic.net%2FMjAyMzA2MjdfMjg4%2FMDAxNjg3ODMwNjk3MTE5.SoChE7_sHvJQ0ej5GkPiZgG8I_Oc67ki0NoeqOrkLFQg.lWTuFZ3STxY45n_ddoz5Wa5jVSSO7FY2lxGAVwiXFisg.JPEG.seoulyean%2FSE-876c91d7-b821-498e-8874-d6d9face8e38.jpg%3Ftype%3Dw773,"[{'작성자': 'J. Yang', '별점': '5.0', '날짜': '2021.02.22.', '내용': '11년 단골입니다. 더 이상 설명이 필요없습니다.', '좋아요': '0'}]","{'금': '10:00 ~ 18:30', '토': '10:00 ~ 14:00', '일': '휴무일', '월': '10:00 ~ 18:30', '화': '10:00 ~ 21:00', '수': '10:00 ~ 18:30', '목': '10:00 ~ 18:30', '휴무일': '공휴일'}"
도반한방병원,4.6,"종로구 새문안로5가길 33 도반빌딩 2~12, 14층",//img1.kakaocdn.net/cthumb/local/C544x408.q50/?fname=http%3A%2F%2Ft1.kakaocdn.net%2Ffiy_reboot%2Fplace%2FB2CB674092C44FC8814319440A9C4930,"[{'작성자': '름다리', '별점': '5.0', '날짜': '2025.03.25.', '내용': '식당에서 밥을 먹을지 병실에서 받아먹을지 결정도 할수잇고 아침점심저녁 다 잘나와서 초반에는 강제로 일어낫어요 밥이 워낙맛잇어서 놓치면 안돼요', '좋아요': '0'}, {'작성자': '기돌', '별점': '5.0', '날짜': '2025.03.17.', '내용': '무릎퇴행성이라 도반한방병원에서 자가골수줄기세포치료 받았습니다 선생님도 친절하시고 \n효과는 매우 빨리 회복되고 있습니다', '좋아요': '0'}, {'작성자': '정이', '별점': '4.0', '날짜': '2025.02.12.', '내용': 'NK면역활성도검사 받았습니다. nk세포에 관해서만 검사를 해주셔서 결과도 정확한 것 같네요 앞으로 치료 잘 받아야겠습니다 ^^;;', '좋아요': '0'}]","{'금': '09:00 ~ 19:00', '토': '09:00 ~ 16:00', '월': '09:00 ~ 19:00', '화': '09:00 ~ 19:00', '수': '09:00 ~ 19:00', '목': '09:00 ~ 19:00'}"
메이의원,4.0,중구 명동8길 14 3층,//img1.kakaocdn.net/cthumb/local/C544x408.q50/?fname=https%3A%2F%2Fpostfiles.pstatic.net%2FMjAyNDAzMTJfMzUg%2FMDAxNzEwMjQ1NDU3NzUw.EpL4ZeiqFiJEX0OB7ltYpbVjfRbnaUcsL5vGTWFxoQQg.6dVbWnPOdZY8HE7fS4nzq6hx74n2C8ygVNR7h498Ka8g.JPEG%2FKakaoTalk_20231227_094820979_23.jpg%3Ftype%3Dw966,"[{'작성자': 'honeysol', '별점': '5.0', '날짜': '2025.01.25.', '내용': '가격이 비싸다는 밑에 분 리뷰 보고 댓글 남겨요! 전 피부과 진짜 많이 다니는데, 실장님 상담도 아닌 직접 원장님 상담하시고 가격도 진짜 합리적이라고 생각해요;; 저는 만족하면서 1년넘게 잘 다니고 있습니다!', '좋아요': '0'}, {'작성자': '가나다라', '별점': '2.0', '날짜': '2025.01.19.', '내용': '가격이 다른명동 피부과 비해서 2-3배인데... 전문의도  아니시고 경력도 ㅠㅠ', '좋아요': '0'}, {'작성자': '당구니요', '별점': '5.0', '날짜': '2024.01.02.', '내용': '일단 가격도 합리적이고 이 가격에 원장님이 직접상담+시술 해주는 피부과는 첨 ,, 정착합니다', '좋아요': '0'}]","{'금': '10:00 ~ 20:00', '토': '10:00 ~ 17:00', '일': '10:00 ~ 17:00', '월': '10:00 ~ 20:00', '화': '10:00 ~ 20:00', '수': '10:00 ~ 20:00', '목': '10:00 ~ 20:00'}"
성제한의원,4.5,종로구 대학로2길 45,,"[{'작성자': 'Golf player', '별점': '5.0', '날짜': '2024.10.25.', '내용': '정말 오래 다녔는데 실력 최고세요. 친절하시기도 하구요!', '좋아요': '0'}, {'작성자': '김성주', '별점': '5.0', '날짜': '2024.09.24.', '내용': '이곳은 작고 좁다.\n하지만, 진료와 친절은 최고다.', '좋아요': '0'}, {'작성자': 'Nairobi', '별점': '3.0', '날짜': '2022.09.22.', '내용': '허리아파 치료중~', '좋아요': '0'}]","{'금': '09:30 ~ 17:30', '토': '09:30 ~ 15:00', '월': '09:30 ~ 17:30', '화': '09:30 ~ 17:30', '수': '09:30 ~ 17:30', '목': '09:30 ~ 17:30'}"
정부서울청사 부속치과의원,0.0,종로구 세종대로 209 210호,,"[{'작성자': '', '별점': '', '날짜': '', '내용': ' ', '좋아요': '0'}]",{}
홍성한약방,0.0,종로구 종로35길 36,,"[{'작성자': '', '별점': '', '날짜': '', '내용': ' ', '좋아요': '0'}]",{}
상쾌한의원,5.0,중구 남대문로9길 51 효덕빌딩 4층 501호,//img1.kakaocdn.net/cthumb/local/C544x408.q50/?fname=http%3A%2F%2Ft1.daumcdn.net%2Flocalfiy%2F18E07AE8029E4EE1B61C9E44A1A51005,"[{'작성자': '이보림', '별점': '5.0', '날짜': '2022.08.15.', '내용': '선생님 너무너무 친절하셔요. 진료볼때 어디하나 빠짐없이 꼼꼼히 봐주시고, 치료도 정말 신경써주셔요.\n간호사 샘들도 안내해주시는 분들도 이렇게 친절할수 있나 싶을정도에요^^', '좋아요': '0'}, {'작성자': '김수인', '별점': '5.0', '날짜': '2021.06.25.', '내용': '같이 일하시는 분 소개로 갔는데요.\n정말 다들 친절하시고\n여한의사님 정말 세심하게 설명도 침도 잘 놓... 더보기', '좋아요': '0'}, {'작성자': '용영고', '별점': '5.0', '날짜': '2021.01.26.', '내용': '왼쪽 갈비뼈가 결려서 내과와 정형외과를 다녀와  마지막으로 상쾌한의원에 이틀간 다녀본 결과 모든분들이 친절하시고 실력있고 성의있는 진료로 편안한 진료를 받았습니다. 적극 추천 드립니다.', '좋아요': '0'}]","{'금': '10:00 ~ 19:00', '토': '10:00 ~ 13:00', '월': '10:00 ~ 20:00', '화': '10:00 ~ 20:00', '수': '10:00 ~ 19:00', '목': '10:00 ~ 20:00'}"
연세광화문정신건강의학과의원,4.2,"종로구 새문안로 91 3,5층",//img1.kakaocdn.net/cthumb/local/C544x408.q50/?fname=http%3A%2F%2Ft1.daumcdn.net%2Flocal%2FkakaomapPhoto%2Freview%2Fa1ff3b4e05a490b07a212a8eaf04945de1dafd93%3Foriginal,"[{'작성자': '띠요옹', '별점': '2.0', '날짜': '2023.10.13.', '내용': '그냥그래요 비싸고', '좋아요': '0'}, {'작성자': '이수경', '별점': '5.0', '날짜': '2023.04.27.', '내용': '그저 빛 같으신 김상현 원장님 최고 ..ㅜㅜ 늘 감사해요', '좋아요': '0'}, {'작성자': '헤', '별점': '1.0', '날짜': '2023.04.18.', '내용': '친절하신데 너무너무 비싸고 환자를 돈으로 보세요', '좋아요': '1'}]","{'금': '10:00 ~ 20:00', '토': '10:00 ~ 15:00', '일': '12:00 ~ 17:00', '월': '10:00 ~ 20:00', '화': '10:00 ~ 20:00', '수': '10:00 ~ 20:00', '목': '10:00 ~ 20:00'}"
바른치과의원,4.0,중구 충무로 13 엘크루메트로시티 5층 517호,//img1.kakaocdn.net/cthumb/local/C544x408.q50/?fname=https%3A%2F%2Fpostfiles.pstatic.net%2FMjAyMzA4MTNfODYg%2FMDAxNjkxOTMzMjU3MTgz.llxM2yNJ5uOA2NQS_avPa_Qnvr0J6jnnZGysdsNd8nIg.mKLPE5JA6SgwTVZbtY1rK6ykCmv9pnYdgwVVmWzkY8Mg.JPEG.rudia9779%2F20230812%25EF%25BC%25BF093108.jpg%3Ftype%3Dw773,"[{'작성자': '이재현', '별점': '4.0', '날짜': '2024.11.12.', '내용': '데스크쌤 친절하구 좋아영 ㅎㅎ', '좋아요': '0'}]","{'금': '09:30 ~ 18:00', '토': '09:30 ~ 13:00', '월': '09:30 ~ 18:00', '화': '09:30 ~ 18:00', '수': '09:30 ~ 18:00', '목': '09:30 ~ 18:00'}"
서울라인치과의원,4.6,중구 남대문로 73 롯데백화점본점애비뉴엘 10층,//img1.kakaocdn.net/cthumb/local/C544x408.q50/?fname=https%3A%2F%2Fpostfiles.pstatic.net%2FMjAyNDEyMTJfMjIy%2FMDAxNzM0MDE0MTMwODM5.JNpUwL5nS-gdnXizGA34pYZK0qa0JZYgOLH02sCleIcg.5oB147Mp1vOsDwMzUWl0PSVUpgbBWv_5qym3W2xeKxQg.JPEG%2F900%25EF%25BC%25BFdental%25EF%25BC%258D2450751%25EF%25BC%25BF1280.jpg%3Ftype%3Dw773,"[{'작성자': 'blueworld', '별점': '1.0', '날짜': '2024.11.07.', '내용': '다음과 같은 이유로 비추천 합니다.\n\n   1.   상담 부족\n수면치료가 가능한 병원으로 알고 방문했지만, 상담 중 수면치료에 대한 ... 더보기', '좋아요': '0'}, {'작성자': '꽃돼지', '별점': '5.0', '날짜': '2022.02.14.', '내용': '몇년전에갔을때와변함없는친절함   원장님마스크넘어로보이는선한눈빛은모든이가바라는참다운선생님이십니다   말씀한마디한마디환자를배려하는선생님    존경합니다', '좋아요': '0'}, {'작성자': 'qwert', '별점': '5.0', '날짜': '2022.01.28.', '내용': '2년전에 여기서 수면충치치료 받았었는데 그때 만족해서 저번주에 또 받고 왔어요. 마취주사만 조오금 아프고 진짜 자고 일어나면 치료 다 끝나있고 너무 좋아요. 그리고 뭐 이에 할때마다 시려요~ 이런거 엄청 말 잘해... 더보기', '좋아요': '1'}]","{'금': '11:00 ~ 19:00', '토': '11:00 ~ 14:30', '일': '휴무일', '월': '11:00 ~ 19:00', '화': '11:00 ~ 20:00', '수': '11:00 ~ 19:00', '목': '11:00 ~ 20:00', '휴무일': '매주 일요일'}"
스마일마취통증의학과의원,4.8,종로구 새문안로 89 정우빌딩 8층 802호,//img1.kakaocdn.net/cthumb/local/C544x408.q50/?fname=http%3A%2F%2Ft1.daumcdn.net%2Flocalfiy%2F9D845A0751E34ADA903E5D7F8B225A6A,"[{'작성자': '이성주', '별점': '5.0', '날짜': '2025.01.03.', '내용': '통증 많이 좋아져서 좋습니다 웃음이나네용^^', '좋아요': '0'}, {'작성자': '박진수', '별점': '5.0', '날짜': '2025.01.03.', '내용': '원장님 친절하세요! 통증이 많이 나았네요 ㅎㅎ', '좋아요': '0'}, {'작성자': '유지은', '별점': '5.0', '날짜': '2025.01.03.', '내용': '어디가 어떻게 아픈지 설명 잘해주셔서 이해도 잘 가고 진료 퀄리티가 너무 좋았습니다\n친절하시고 치료도 잘해주세용!!', '좋아요': '0'}]","{'금': '09:00 ~ 19:30', '토': '10:00 ~ 13:30', '일': '10:00 ~ 14:00', '월': '09:00 ~ 19:30', '화': '09:00 ~ 19:30', '수': '09:00 ~ 19:30', '목': '09:00 ~ 19:30', '휴무일': '공휴일'}"
프레스치과의원,5.0,중구 세종대로 124,,"[{'작성자': '맴', '별점': '5.0', '날짜': '2024.12.30.', '내용': '친절하고 꼼꼼하게 봐주심', '좋아요': '0'}]","{'금': '10:00 ~ 19:00', '토': '10:00 ~ 12:00', '월': '10:00 ~ 19:00', '화': '10:00 ~ 19:00', '수': '10:00 ~ 19:00', '목': '10:00 ~ 19:00'}"
리아한의원 명동점,5.0,중구 명동8가길 27 선샤인빌딩 9층 901호,//img1.kakaocdn.net/cthumb/local/C544x408.q50/?fname=http%3A%2F%2Ft1.kakaocdn.net%2Fmystore%2F675CB6C4B5D3437D8754DE0D919F5693,"[{'작성자': '유연혜', '별점': '5.0', '날짜': '2024.12.19.', '내용': '원장님이 친절하시고요. 오래 앉아서 목과 어깨가 불편하고 아파서 왔거든요. 치료와 상담이 넘 좋습니다!!', '좋아요': '1'}, {'작성자': '박희현', '별점': '5.0', '날짜': '2024.12.19.', '내용': '2년넘은 지루+주사피부염이 안나아서 다니기 시작했습니다 늘 갈 때마다 치료실 선생님들 너무 친절하게 맞이해주셔서 기분 좋습니다', '좋아요': '0'}, {'작성자': '임선희', '별점': '5.0', '날짜': '2024.12.19.', '내용': '선생님 예쁘시고 치료 효과 좋아요!! 관리사님도 친절하십니다 👍💕', '좋아요': '0'}]","{'금': '10:30 ~ 21:00', '토': '10:00 ~ 15:00', '일': '휴무일', '월': '10:30 ~ 21:00', '화': '10:30 ~ 21:00', '수': '10:30 ~ 21:00', '목': '10:30 ~ 21:00', '휴무일': '공휴일'}"
마로니에이비인후과,,종로구 대학로 128 21빌딩 4층,//img1.kakaocdn.net/cthumb/local/C544x408.q50/?fname=http%3A%2F%2Ft1.daumcdn.net%2Fcfile%2F1527BD445045761102,"[{'작성자': '', '별점': '', '날짜': '', '내용': ' ', '좋아요': '0'}]","{'금': '09:00 ~ 18:30', '토': '09:00 ~ 13:30', '일': '휴무일', '월': '09:00 ~ 18:30', '화': '09:00 ~ 18:30', '수': '09:00 ~ 18:30', '목': '09:00 ~ 18:30', '휴무일': '공휴일'}"
장주혜치과의원,4.5,종로구 새문안로5길 31 센터포인트광화문 지하1층 103호,//img1.kakaocdn.net/cthumb/local/C544x408.q50/?fname=http%3A%2F%2Ft1.kakaocdn.net%2Fmystore%2F7089F02BC08B4BBFB3AAB379C97E3E38,"[{'작성자': '로맥', '별점': '5.0', '날짜': '2024.10.25.', '내용': '생에 두번째 치과 방문.\n\n사랑니 빼러 갔는데 하나부터 열까지 다 친절하고 깔끔 그 자체.', '좋아요': '0'}, {'작성자': 'ArtCuL', '별점': '5.0', '날짜': '2024.04.13.', '내용': '신경치료 받았는데 제 증상과 치료가 어떻게 진행되는지 자세히 설명해 주셔서 좋았어요. 보통 신경치료는 몇 주에 걸쳐 치과에 여러 번 가는 것으로 알고 있었는데 환자가 시간 여유가 ... 더보기', '좋아요': '0'}, {'작성자': '김영희', '별점': '5.0', '날짜': '2024.04.11.', '내용': '치주염 증세가 있어 치과에 까다로운 사람입니다. 원래 다니던 곳이 광화문에 있지만 그곳 사정상 앞으로 오래 다니기 힘들 것 같아 검색해서 찾아봤는데, 이곳 선생님의 경력과 안내 글 들을 보니 믿을만했어요. 일... 더보기', '좋아요': '0'}]","{'금': '10:00 ~ 19:00', '토': '휴무일', '일': '휴무일', '월': '10:00 ~ 19:00', '화': '10:00 ~ 19:00', '수': '11:00 ~ 20:00', '목': '10:00 ~ 19:00', '휴무일': '공휴일'}"
정부서울청사 부속한의원,0.0,종로구 세종대로 209 210호,,"[{'작성자': '', '별점': '', '날짜': '', '내용': ' ', '좋아요': '0'}]",{}
명동시원한의원,4.8,중구 명동8가길 33 가나빌딩 2층,//img1.kakaocdn.net/cthumb/local/C544x408.q50/?fname=https%3A%2F%2Fpostfiles.pstatic.net%2FMjAyNTAxMDFfNTgg%2FMDAxNzM1NzA0OTE5OTQ3.LRHGQu5QlU65jciDq8PmwUwSAnKYQgspbw0mbtk37Xog.7CpFSZxaRZ_Aql4OLjSWqlVEUTMQzwAofE8uCdSgYFgg.JPEG%2FIMG_8831.jpg%3Ftype%3Dw966,"[{'작성자': '네일중독', '별점': '5.0', '날짜': '2025.03.21.', '내용': '임산부인데 바닥에 떨어진 거 줍다가 허리 삐끗했더니 \n3일이 지나도 안 낫길래 직장 근처로 급하게 방문했어요. \n원장님 상담 때 임산부라... 더보기', '좋아요': '0'}, {'작성자': '정규석', '별점': '5.0', '날짜': '2025.03.11.', '내용': '지인 추천으로 다녀왔는데 저는 컴퓨터 작업이 많아서 어꺄결림이 일상아고 허리 통증이 심한데 정기적으로 치료를 받으면서 신기하게 훨씬 좋아졌습니다. 뭔가 근본적인 아픔을 해결하는 느낌이랄까요.', '좋아요': '0'}, {'작성자': '황태연', '별점': '5.0', '날짜': '2025.03.11.', '내용': '친절한 설명과 적절한 조치로 어머니가 많이 만족해 하셨어요. 리뷰 같은거 잘 안남기는데 어머니께서 꼭 칭찬하고 싶다해서 남겨보네요. :)', '좋아요': '1'}]","{'금': '10:00 ~ 20:00', '토': '10:00 ~ 15:00', '일': '휴무일', '월': '10:00 ~ 20:00', '화': '10:00 ~ 20:00', '수': '10:00 ~ 20:00', '목': '10:00 ~ 20:00', '휴무일': '공휴일'}"
소공치과의원,5.0,중구 남대문로7길 15,,"[{'작성자': '이성현', '별점': '5.0', '날짜': '2021.07.06.', '내용': '서울서 비싼 자리로 손에 꼽히는 \n명동에서 개원한지 30... 더보기', '좋아요': '0'}, {'작성자': 'JHLEE', '별점': '5.0', '날짜': '2021.02.01.', '내용': '여기만 21년 다니며 치아관리 받아왔네요,\n진정 환자를 배려하며 치료하는 병원이라 느낍니다.', '좋아요': '0'}]","{'금': '10:00 ~ 18:00', '토': '10:00 ~ 13:00', '월': '10:00 ~ 18:00', '화': '10:00 ~ 18:00', '수': '10:00 ~ 18:00', '목': '10:00 ~ 18:00'}"
가디언즈치과의원 명동점,4.6,중구 명동8가길 27 선샤인빌딩 4층 1호,//img1.kakaocdn.net/cthumb/local/C544x408.q50/?fname=https%3A%2F%2Fpostfiles.pstatic.net%2FMjAyNDEyMDZfNDgg%2FMDAxNzMzNDkxMTMzMzk5.ZXoFV3Z-OimKW6JtggYa6JC0n0K_I_vyujvNSZwYf8og.TjaChbl0mQ8VFknuJ8fpNOFqAKEk-5aQXZDpKyY6rmgg.JPEG%2FKakaoTalk_20240221_105343818_04.jpg%3Ftype%3Dw966,"[{'작성자': '훔냐', '별점': '5.0', '날짜': '2025.02.10.', '내용': '영구치 유실 이슈로 임플란트했습니다!!\n이전에 충치치료도하고 오늘은 임플란트했는데 정말 하나도 안 아팠어요 ㅠㅠ!!! 꼭 해야하는 임플람트였는데 그동안 무서워서... 더보기', '좋아요': '0'}, {'작성자': '카오15', '별점': '5.0', '날짜': '2025.01.16.', '내용': '충치가 생겨서 서울치과 알아보던 중에 가디언즈치과를 알게 돼서 방문했습니다~명동치과인데 지하철역 바로 앞에 있어서 접근성이 넘 좋았어요!! 원장... 더보기', '좋아요': '0'}, {'작성자': '욤이맘', '별점': '5.0', '날짜': '2024.01.06.', '내용': '아이랑 다니는 중인데 친절히 설명 잘해주세요. 치아교정 치료 막바지인데 만족하고 다니고 있어요. 간호사분들도 친절합니다!', '좋아요': '0'}]","{'금': '09:30 ~ 18:30', '토': '09:30 ~ 14:00', '일': '휴무일', '월': '09:30 ~ 20:30', '화': '09:30 ~ 18:30', '수': '09:30 ~ 18:30', '목': '09:30 ~ 20:30', '휴무일': '공휴일'}"
목동블리비의원,0.0,중구 을지로 16,,"[{'작성자': '', '별점': '', '날짜': '', '내용': ' ', '좋아요': '0'}]",{}
안박치과의원,0.0,종로구 종로35길 9 2층,,"[{'작성자': '', '별점': '', '날짜': '', '내용': ' ', '좋아요': '0'}]","{'금': '09:30 ~ 17:30', '월': '09:30 ~ 17:30', '화': '09:30 ~ 17:30', '수': '09:30 ~ 17:30', '목': '09:30 ~ 17:30'}"
MJ올피부과의원,5.0,중구 명동8가길 27 선샤인빌딩 5층,//img1.kakaocdn.net/cthumb/local/C544x408.q50/?fname=https%3A%2F%2Fpostfiles.pstatic.net%2FMjAyNTAyMjVfNTkg%2FMDAxNzQwNDQ4MzA3MDY5.ODhGLPKfOFzE12rMPWlZwn7Fw69htHi29Frt9XtAjLUg.NGQHMejDTJJWOLEZpOmuqIwn0cjMJ8yi8GsBEIY5TqUg.JPEG%2Fbatch_3-1.jpg%3Ftype%3Dw466,"[{'작성자': '이유나', '별점': '5.0', '날짜': '2024.09.25.', '내용': '원장님 전문적이시고 친절하고 꼼꼼하세요. 과잉진료도 없고 좋습니다.', '좋아요': '0'}, {'작성자': '가영', '별점': '5.0', '날짜': '2022.12.23.', '내용': '선생님 너무 친절하시고 정말 전문이세요👍', '좋아요': '0'}]","{'금': '10:00 ~ 20:00', '토': '10:00 ~ 17:00', '일': '휴무일', '월': '10:00 ~ 20:00', '화': '10:00 ~ 20:00', '수': '10:00 ~ 20:00', '목': '휴무일', '휴무일': '매주 목요일, 일요일'}"
연세세브란스치과의원,0.0,종로구 종로 243 조은빌딩 2층,,"[{'작성자': '', '별점': '', '날짜': '', '내용': ' ', '좋아요': '0'}]","{'금': '09:30 ~ 18:30', '토': '09:30 ~ 12:30', '월': '09:30 ~ 18:30', '화': '09:30 ~ 18:30', '수': '09:30 ~ 18:30', '목': '09:30 ~ 18:30'}"
세가지소원의원 명동점,5.0,중구 명동8가길 33 3층,//img1.kakaocdn.net/cthumb/local/C544x408.q50/?fname=https%3A%2F%2Fpostfiles.pstatic.net%2FMjAyNTAyMjFfMTg2%2FMDAxNzQwMTMxNTkzMjM0.TpbDYoyJ3CjtBf-f_i_tnyoevGHcb_252E6G8NqKQD8g.HaRwP6y6UkpgngB7UN80cet1gfxUsEIh00uuPlutsp8g.JPEG%2F900%25EF%25BC%25BF20250220%25EF%25BC%25BF123845.jpg%3Ftype%3Dw966,"[{'작성자': '정혜민', '별점': '5.0', '날짜': '2022.12.22.', '내용': '너무 친절하고 좋았어요! 첫 방문인데도 다들 친절하게\n대해주시고 문의도 잘 들어주시고~첫 시술 만족스럽게\n하고 돌아가네요ㅎㅎㅎ', '좋아요': '0'}, {'작성자': '엉덩이춤추는 짱구', '별점': '5.0', '날짜': '2022.12.20.', '내용': '첨 방문하는거라 약간 걱정했는데 진짜 너무 좋아욥,,🥺❤️\n시술이나 상담도 다 친절하게 해주시고 설명도 꼼꼼하게 잘 해주셔서 너무 만족입니당!\n전 입술 필러 받았는... 더보기', '좋아요': '1'}, {'작성자': '안효경', '별점': '5.0', '날짜': '2022.12.19.', '내용': '애교필러 만족도 역대 최상\n첫 애교가 너무 부자연스러워서 1년전에 녹였는데\n다시 하고싶어져서 약속우로 나간김에 당일 예약하고... 더보기', '좋아요': '1'}]","{'금': '10:00 ~ 19:00', '토': '10:00 ~ 17:00', '일': '휴무일', '월': '10:00 ~ 19:00', '화': '10:00 ~ 19:00', '수': '10:00 ~ 19:00', '목': '10:00 ~ 19:00', '휴무일': '매주 일요일'}"
넥스트치과의원,0.0,중구 남대문로7길 11 태양빌딩 5층 501호,//img1.kakaocdn.net/cthumb/local/C544x408.q50/?fname=https%3A%2F%2Fblogfiles.pstatic.net%2FMjAyMzEyMTNfMjA2%2FMDAxNzAyNDQzNzI1Mzg5.Rtlujp3ySL9xGm1yuNJiS3ycn4t7p0CX4A0Ien7JLZ4g.25DXNwbcw1vY3t59LB_pXJ2lZvnA-CFVXL0m7YcZA00g.JPEG.yspurt78%2F%25EB%2584%25A5%25EC%258A%25A4%25ED%258A%25B8%25EC%25B9%2598%25EA%25B3%25BC.jpg%3Ftype%3Dw1,"[{'작성자': '', '별점': '', '날짜': '', '내용': ' ', '좋아요': '0'}]","{'금': '09:30 ~ 17:30', '토': '09:00 ~ 14:00', '일': '휴무일', '월': '09:30 ~ 18:30', '화': '13:00 ~ 19:00', '수': '09:30 ~ 18:30', '목': '09:30 ~ 18:30', '휴무일': '공휴일'}"
박종철신경정신과의원,3.0,종로구 새문안로5가길 3-1 영진빌딩 505호,,"[{'작성자': 'Nate', '별점': '1.0', '날짜': '2022.08.22.', '내용': '전화받는 아주머니 왜이렇게 불친절하시죠?', '좋아요': '0'}, {'작성자': '김연진', '별점': '5.0', '날짜': '2020.07.31.', '내용': '아주 훌륭합니다.', '좋아요': '2'}]","{'금': '10:00 ~ 17:00', '토': '10:00 ~ 12:00', '일': '10:00 ~ 17:00', '월': '10:00 ~ 17:00', '화': '10:00 ~ 17:00', '목': '10:00 ~ 17:00'}"
편강한의원 명동점,3.7,중구 수표로 5 2층,,"[{'작성자': 'ssong', '별점': '1.0', '날짜': '2025.02.26.', '내용': '편강한의원은 스카이데일리 잘 보시나용?^,^ 그쪽들끼리 번창하신길', '좋아요': '0'}, {'작성자': '말말', '별점': '5.0', '날짜': '2024.12.05.', '내용': '친절하고 좋습니다', '좋아요': '0'}, {'작성자': 'FLEX', '별점': '5.0', '날짜': '2023.07.18.', '내용': '근무중에 발목 접질러서 급하게 방문했어요. 그곳에서 원장님이 친절하게 하나하나 다 알려주시고 빠른회복에 도움주시더라고요, 그래서 진료중에 부담이 덜가서 좋았네요 ㅎㅎ 다음에 한의원 가게되면 또 방문해보고싶습니다!', '좋아요': '1'}]","{'금': '09:30 ~ 18:30', '토': '09:30 ~ 16:00', '일': '휴무일', '월': '09:30 ~ 18:30', '화': '09:30 ~ 18:30', '수': '휴무일', '목': '09:30 ~ 18:30', '휴무일': '공휴일'}"
세종치과,3.0,종로구 새문안로5길 19 로얄빌딩 2층 212호,,"[{'작성자': 'promis_e', '별점': '5.0', '날짜': '2024.06.03.', '내용': '믿고 다니는 양심치과.', '좋아요': '0'}, {'작성자': 'ioftengetlost', '별점': '1.0', '날짜': '2022.11.11.', '내용': '양심치과라고 해서 믿고 다녔습니다.\n선생님이 잘 설명시는것 같아서 믿고 하라는 대로 했는데 일단 환자 일정 고려 1도 안해주고 치료 간격이 너무 길어서 충치 하나 치료하고 씌우는데 6개월 걸렸어... 더보기', '좋아요': '0'}]","{'금': '10:00 ~ 18:00', '토': '10:00 ~ 12:00', '월': '10:00 ~ 18:00', '화': '10:00 ~ 18:00', '수': '10:00 ~ 18:00', '목': '10:00 ~ 18:00'}"
혜화가정의원,4.6,종로구 성균관로 34 2층,//img1.kakaocdn.net/cthumb/local/C544x408.q50/?fname=http%3A%2F%2Ft1.daumcdn.net%2Flocal%2FkakaomapPhoto%2Freview%2F1a0d0e77663d7abb5735fb4d469df73ce171cc34%3Foriginal,"[{'작성자': 'vagabond', '별점': '5.0', '날짜': '2024.11.22.', '내용': '딱 두 번 간 병원.\n심각한 환자로 한 번 방문.\n너무나 심각한 문제가 한번에 해... 더보기', '좋아요': '2'}, {'작성자': '군청림', '별점': '1.0', '날짜': '2024.09.09.', '내용': '하 5점주는 사람들 이해는가는데 난 정말 마음에 안 듦 내가 평소 먹던 약이 있고 그 증상 그대로인데 자꾸 자기생각대로 엉뚱한 약을 주고싶어함 미쳐버리겠음', '좋아요': '0'}, {'작성자': '김주리', '별점': '5.0', '날짜': '2024.06.28.', '내용': '이런 병원은 정말 처음이네요. 그냥 간수치가 좀 안좋아서 막연히 갔는데 제 검진기록으로 정말 꼼꼼하게 상담을 해주셨어요. 모든 결과를 이렇게나 말름해주시는 분은 처음입니다.... 더보기', '좋아요': '2'}]","{'금': '08:30 ~ 19:00', '토': '08:30 ~ 14:00', '월': '08:30 ~ 19:00', '화': '08:30 ~ 19:00', '수': '08:30 ~ 19:00', '목': '08:30 ~ 19:00'}"
윤창옥내과의원,3.7,중구 충무로 3 2층 206~217호,,"[{'작성자': 'sej', '별점': '5.0', '날짜': '2024.08.22.', '내용': '근처에 병원이 많지 않은데 생겨서 잘 이용하고 있어요. 진료도 꼼꼼하고 정확하게 잘 봐주십니다.', '좋아요': '0'}, {'작성자': '자몽', '별점': '1.0', '날짜': '2024.02.14.', '내용': '과거에도 별로였는데 지금도 별로에요 사람이랑 자리 바뀌었다고 나아진 건 없네요', '좋아요': '0'}, {'작성자': '오밤중', '별점': '5.0', '날짜': '2024.01.28.', '내용': '두은영 선생님 상세하고 친절하게 설명 잘 해주세요. 마치 아는 사람이나 가족처럼 환자를 대해주셔서 (이전 직장 근처인데도) 매번 가게 됩니다.^^.', '좋아요': '1'}]","{'금': '08:00 ~ 17:00', '토': '08:00 ~ 12:30', '일': '휴무일', '월': '08:00 ~ 17:00', '화': '08:00 ~ 17:00', '수': '08:00 ~ 17:00', '목': '08:00 ~ 17:00', '휴무일': '공휴일'}"
청산치과의원,0.0,중구 을지로 219,,"[{'작성자': '', '별점': '', '날짜': '', '내용': ' ', '좋아요': '0'}]",{}
이영관치과의원,5.0,종로구 종로 240-1,,"[{'작성자': '송욱재', '별점': '5.0', '날짜': '2022.03.22.', '내용': '최고예요!', '좋아요': '0'}, {'작성자': '行願君', '별점': '5.0', '날짜': '2021.06.30.', '내용': '자연치아 살리기 운동~♡', '좋아요': '0'}]","{'금': '10:00 ~ 18:00', '토': '10:00 ~ 12:00', '월': '10:00 ~ 18:00', '화': '10:00 ~ 18:00', '수': '10:00 ~ 18:00', '목': '10:00 ~ 18:00'}"
최광철치과의원,0.0,중구 마른내로 72,,"[{'작성자': '', '별점': '', '날짜': '', '내용': ' ', '좋아요': '0'}]","{'금': '09:30 ~ 18:00', '토': '09:30 ~ 13:00', '월': '09:30 ~ 18:00', '화': '09:30 ~ 18:00', '수': '09:30 ~ 18:00', '목': '09:30 ~ 18:00'}"
연세메트로비뇨기과,3.0,종로구 새문안로 89 정우빌딩 9층 905호,//img1.kakaocdn.net/cthumb/local/C1104x408.q50/?fname=http%3A%2F%2Ft1.daumcdn.net%2Flocal%2FkakaomapPhoto%2Freview%2F390a93952ca0e29ad632dd891705cdd1d5e10314%3Foriginal,"[{'작성자': 'kcho', '별점': '3.0', '날짜': '2025.03.07.', '내용': '환자를 대하는 기본자세가 안되어 있음\n서비스 정신이 무개념인 곳. \n병원은 잘 알아보고 다녀야 한다는 것을 깨닫게 해줬으니 고마워 해야할지...', '좋아요': '0'}, {'작성자': '네니오', '별점': '4.0', '날짜': '2024.05.24.', '내용': '여성 방광염으로 방문했고, 의사선생님 및 데스크선생님도 친절하셔서 점심시간에 호다닥 이용가능했습니다\n새벽에 지옥을 맛보았는데 살려주셔서 감사합니다ㅠㅠㅠㅠㅠㅠㅠㅠㅠㅠ', '좋아요': '0'}, {'작성자': 'W', '별점': '1.0', '날짜': '2023.11.23.', '내용': '프런트 직원이 개념없고 불친절한 곳.\n비급여진료 받을 일 있어서 대략적인 진료비 물어보려고 전화했더니, 의사만 알지 자기는 모른다면서 진료비 알고 진료 받고 싶으면 다른 병원가라네요:)', '좋아요': '0'}]","{'금': '09:30 ~ 18:30', '토': '10:00 ~ 13:00', '월': '09:30 ~ 18:30', '화': '09:30 ~ 18:30', '수': '09:30 ~ 18:30', '목': '09:30 ~ 18:30'}"
경희속편한한의원,5.0,종로구 새문안로5가길 3,,"[{'작성자': '', '별점': '', '날짜': '', '내용': ' ', '좋아요': '0'}]","{'금': '09:30 ~ 16:00', '월': '09:30 ~ 16:00', '화': '09:30 ~ 16:00', '수': '09:30 ~ 16:00', '목': '09:30 ~ 16:00'}"
이화치과,0.0,중구 명동4길 12-1,,"[{'작성자': '', '별점': '', '날짜': '', '내용': ' ', '좋아요': '0'}]",{}
마리앤라인의원,4.3,종로구 대학로 130 두손빌딩 5층,,"[{'작성자': '쭌이', '별점': '5.0', '날짜': '2024.12.30.', '내용': '너무 친절하심 다른 피부과 갔을 땐 같은 가격에 염증주사만 놓고 끝이었는데 여기서는 여드름에 따라서 압출도 해주시고 거즈도 붙여주셨어요 그리고 너어어어어무 친절하시고 아파서... 더보기', '좋아요': '0'}, {'작성자': 'ᅟ', '별점': '5.0', '날짜': '2024.10.03.', '내용': '과잉진료도 없고 너무 친절하심 최고임', '좋아요': '0'}, {'작성자': '071', '별점': '5.0', '날짜': '2024.09.13.', '내용': '보험진료도 잘 봐주시고 친절하십니다\n예약 안 하고 갔는데도 빠르게 진료받을 수 있었어요', '좋아요': '0'}]","{'금': '10:30 ~ 19:00', '토': '10:00 ~ 13:00', '일': '휴무일', '월': '10:30 ~ 19:00', '화': '10:30 ~ 19:00', '수': '휴무일', '목': '10:30 ~ 19:00', '휴무일': '공휴일'}"
충무로정형외과의원,,중구 충무로 3 2층,//img1.kakaocdn.net/cthumb/local/C544x408.q50/?fname=http%3A%2F%2Ft1.kakaocdn.net%2Ffiy_reboot%2Fplace%2FCE0381B2F84E40ABBEAEC6F53FDB2CCD,"[{'작성자': '', '별점': '', '날짜': '', '내용': ' ', '좋아요': '0'}]","{'금': '09:00 ~ 19:30', '토': '09:00 ~ 14:00', '월': '09:00 ~ 19:30', '화': '09:00 ~ 19:30', '수': '09:00 ~ 19:30', '목': '09:00 ~ 19:30', '휴무일': '공휴일'}"
서울청춘치과의원,3.3,종로구 대학로10길 15-7 2층,//img1.kakaocdn.net/cthumb/local/C544x408.q50/?fname=https%3A%2F%2Fpostfiles.pstatic.net%2FMjAyMjA5MjZfMTM5%2FMDAxNjY0MjA0MDAxODUy.dteECDZMwBrW4zIrqvuOAc-UdUBar2-klNOdEJAZ6N4g.j3fGxlvsyoUVEuTyKaxAkLRjdvoU_5eaAmGG2Ja5u_kg.JPEG.gusskeh%2FIMG_1704.jpg%3Ftype%3Dw966,"[{'작성자': 'ookjay', '별점': '1.0', '날짜': '2024.12.20.', '내용': '치과인데 스케일링 않하신다고 하네요.', '좋아요': '0'}, {'작성자': '멍', '별점': '5.0', '날짜': '2023.12.05.', '내용': '예약 전화 한번에 성공하기 힘든 거 같긴합니다 \n저는 다음날 비어있는 시간에 바로 예약해서 갔는데 프론트 직원분은 상냥하신 분은 아니지만 저에게는 불친절정도는 아니었고 교수님은 ... 더보기', '좋아요': '0'}, {'작성자': 'E', '별점': '1.0', '날짜': '2023.06.19.', '내용': '선생님은 좋은신데 프론트 간호사들이 예의가 없음. 특히 전화응대가  제일 최악', '좋아요': '2'}]","{'금': '09:30 ~ 18:30', '토': '09:30 ~ 14:00', '일': '휴무일', '월': '09:30 ~ 18:30', '화': '09:30 ~ 18:30', '수': '09:30 ~ 18:30', '목': '09:30 ~ 18:30', '휴무일': '공휴일'}"
플로레의원,5.0,중구 명동10길 41 챔피언빌딩 6층,//img1.kakaocdn.net/cthumb/local/C544x408.q50/?fname=http%3A%2F%2Ft1.kakaocdn.net%2Fmystore%2FDA454BBAA34B467FB05511D255366C7C,"[{'작성자': '제리', '별점': '5.0', '날짜': '2024.04.10.', '내용': '직원분들이랑 의사쌤 케미가 좋으신 것 같아요ㅎㅎ 두 분 만담하는 거 보면 재밌어요ㅋㅋ', '좋아요': '0'}, {'작성자': '최경임', '별점': '5.0', '날짜': '2024.01.24.', '내용': '여기는 더 알려져야함 \n사마귀 치료 받으러 왔는데 간호사분도 원장님도 너무 친절하시고 \n치료도 너무 깔끔하게... 더보기', '좋아요': '0'}, {'작성자': '김정한', '별점': '5.0', '날짜': '2023.11.12.', '내용': '너무 친절하고 원인과 후처리 방법, 예방방법 및 자잘한 밴드도 여분을 챙겨주십니다', '좋아요': '1'}]","{'금': '10:00 ~ 20:00', '토': '10:00 ~ 18:00', '일': '10:00 ~ 17:00', '월': '10:00 ~ 18:00', '화': '10:00 ~ 20:00', '수': '10:00 ~ 20:00', '목': '10:00 ~ 20:00'}"
광화문광장치과의원,4.8,"종로구 새문안로5가길 28 광화문플래티넘 B113, B114호",//img1.kakaocdn.net/cthumb/local/C544x408.q50/?fname=http%3A%2F%2Ft1.kakaocdn.net%2Fmystore%2F585DBFFE9186442A954AB950EE4F41FE,"[{'작성자': 'twoday', '별점': '1.0', '날짜': '2024.10.05.', '내용': '첫 방문때 검진을 원했으나 갑자기 전체 견적을 뽑아서 당황\n일단 급한거 하나만 해보자 생각해서 인레이 보철물을 하기로 했지만 보철물을\n끼우기도 전에 반대쪽 생이빨... 더보기', '좋아요': '1'}, {'작성자': '효지닠💕', '별점': '5.0', '날짜': '2023.08.31.', '내용': '이 곳을 한마디로 설명 드릴게요. 제 인생 치과에요…\n치과의 3대 요소 (내맘대로..) 완벽하게 갖췄어여.. \n1. 비용(치과는 비급여라 부르는게 값인데 여기 ... 더보기', '좋아요': '0'}, {'작성자': '긍정순이씨^^', '별점': '5.0', '날짜': '2023.07.10.', '내용': '다른 곳에서 신경치료까지 하라고했는데 여기선 안해도 된다고 해서 간단한 치료 후 아직까지 잘쓰고있네요~^^ 치과중에 이런곳은 첨봤네요~^^ 번창하셔요', '좋아요': '1'}]","{'금': '09:50 ~ 18:00', '토': '09:50 ~ 13:00', '월': '09:50 ~ 18:00', '화': '09:50 ~ 18:00', '수': '09:50 ~ 18:00', '목': '09:50 ~ 18:00'}"
서울케이(K)내과의원,3.1,종로구 창경궁로34길 18-5,,"[{'작성자': '죠지', '별점': '1.0', '날짜': '2024.10.02.', '내용': '신장염 때문에 출근시간을 내서 내원했는데 이런 진료가 맞는건지 모르겠습니다. 이전 원장님 때에는 주변에 좋다고 이야기하고 다녔는데 이젠 잘 모르겠습니다. 여기에 달린 친절하다는 리뷰... 더보기', '좋아요': '0'}, {'작성자': 'iz', '별점': '5.0', '날짜': '2024.06.23.', '내용': '타지역에 비해 저렴하고 친절하십니다', '좋아요': '0'}, {'작성자': '박종성', '별점': '1.0', '날짜': '2023.11.27.', '내용': '진료시간 개킹받게... 제대로 써놓던가요..\n12시부터 4시까지 안합니다 라고ㅡㅡ', '좋아요': '0'}]","{'금': '07:00 ~ 18:00', '토': '휴무일', '일': '휴무일', '월': '07:00 ~ 18:00', '화': '07:00 ~ 11:00', '수': '07:00 ~ 18:00', '목': '07:00 ~ 11:00', '휴무일': '매주 토요일, 일요일'}"
이편한치과의원,5.0,종로구 종로 249-1 2층,,"[{'작성자': '권선생', '별점': '5.0', '날짜': '2024.03.26.', '내용': '기술 좋고 저렴하고 친절합니다만\n주차장이 문제', '좋아요': '0'}, {'작성자': '김동근', '별점': '5.0', '날짜': '2022.11.30.', '내용': '저는 나이가 많고 치아상태가 너무 나빠서 치과 선택을 하면서 고민이 많았는데 종로5가 이편한치과에 가서 너무 마음 편하게 완벽한 치료를 받았습니다. 임플란트를 10개 심었는데 치료가... 더보기', '좋아요': '0'}, {'작성자': '김복달', '별점': '5.0', '날짜': '2022.11.12.', '내용': '원장님의 친절하신 설명이 너무 좋았습니다. 비용도 다른 치과에 비해 저렴해 더 좋았습니다. 다른 치과에서 치료가 안된다고 했는데 여기서 치료해서 잘 쓰고 있어요.. 너무 감사합니다.', '좋아요': '0'}]","{'금': '09:00 ~ 18:00', '토': '09:00 ~ 14:00', '월': '09:00 ~ 18:00', '화': '09:00 ~ 19:00', '수': '09:00 ~ 18:00', '목': '09:00 ~ 18:00'}"
충무로치과의원,5.0,중구 충무로 9,,"[{'작성자': '포키', '별점': '5.0', '날짜': '2024.10.18.', '내용': '접수해주시는 분을 시작으로 모든 분들이 정말 친절하고 사랑니도 안아프게 잘 빼주셨어요.\n궁금한 것도 잘 알려주시고, 이것저것 다른 거 강요도 안하시고 너무 ... 더보기', '좋아요': '0'}, {'작성자': '서지민', '별점': '5.0', '날짜': '2022.03.21.', '내용': '너무 친절하세요... 원장선생님 너무 친절하시고 직원분들도 그렇고 \n여자 선생님이시라 마음도 편안하고 과잉진료 1도 없음...감덩..', '좋아요': '0'}, {'작성자': '모코코', '별점': '5.0', '날짜': '2021.07.27.', '내용': '15년도부터 여기만 다니는데 선생님도 간호사분들도 너무 친절하세요! 과잉진료없이 치료과정 하나하나 눈으로 환자가 확인하게 해주시면서 선택하게 해주시니까 믿음도 가구요! 해외에 나가... 더보기', '좋아요': '0'}]","{'금': '10:00 ~ 19:00', '월': '10:00 ~ 19:00', '화': '10:00 ~ 19:00', '수': '10:00 ~ 19:00', '목': '10:00 ~ 19:00'}"
만다라한의원,0.0,종로구 종로 242 2층,,"[{'작성자': '', '별점': '', '날짜': '', '내용': ' ', '좋아요': '0'}]","{'금': '10:00 ~ 18:00', '토': '10:00 ~ 16:00', '월': '10:00 ~ 18:00', '화': '10:00 ~ 18:00', '목': '10:00 ~ 18:00'}"
와이즈유의원,5.0,중구 명동8가길 52 3층,,"[{'작성자': 'ldld', '별점': '5.0', '날짜': '2020.08.05.', '내용': '원장님 진짜진짜 친절하세요. 데스크 쌤들도 친절하시고 갈때마다 맘편히 다녀온듯 하네요', '좋아요': '0'}]","{'금': '09:00 ~ 18:00', '토': '09:00 ~ 18:00', '월': '09:00 ~ 18:00', '화': '09:00 ~ 18:00', '수': '09:00 ~ 18:00'}"
대학로메리힐산부인과의원,2.6,종로구 대학로12길 4,//img1.kakaocdn.net/cthumb/local/C544x408.q50/?fname=https%3A%2F%2Fstorep-phinf.pstatic.net%2Fcafe_004%2Foriginal_15.png%3Ftype%3Dp100_100,"[{'작성자': 'ㅋㅋ', '별점': '5.0', '날짜': '2025.02.21.', '내용': '방광염증상때문에 방문을 했는데 암검사,초음파도 할 시기가 지나서 겸사겸사 방문을 했습니다!\n제가 몰랐던 혹도 생겨서 놀랐지만 원장님께서 ... 더보기', '좋아요': '0'}, {'작성자': '🚨카페 오랑지 후기 조작중🚨', '별점': '5.0', '날짜': '2025.02.04.', '내용': '여기도 심하군요..근처에 성신여대쪽 ‘지인산부인과’ (후기 미제공인 병원)도 정말 비추합니다.. 진짜 상술 개심함', '좋아요': '1'}, {'작성자': '김우동', '별점': '1.0', '날짜': '2025.01.17.', '내용': '직원분들은 친절. 그러나 시스템 자체가 돈 되는 검사 기본으로 깔고 가려는 의도가 보임. 아무도 없는 병원에서 30분 이상 대기했고… 실장 만나서 먼저 상담하는데 당연하다는 듯이 검사하는 걸로 깔고 상담 시작… 질초... 더보기', '좋아요': '2'}]","{'금': '10:00 ~ 20:00', '토': '10:00 ~ 14:00', '일': '휴무일', '월': '10:00 ~ 20:00', '화': '10:00 ~ 20:00', '수': '10:00 ~ 20:00', '목': '10:00 ~ 20:00', '휴무일': '매주 일요일'}"
신현수치과의원,5.0,종로구 새문안로5길 37 정우빌딩 지하1층 48호,,"[{'작성자': '응', '별점': '5.0', '날짜': '2023.10.06.', '내용': '친절하게 설명해주시고, 과잉진료하지 않으시고, 실력도 좋으신 최고의 선생님입니다.', '좋아요': '0'}, {'작성자': 'bystander', '별점': '5.0', '날짜': '2022.10.04.', '내용': '정말 친절 하셨고 오래 치료하신 내공이 느껴 지셨습니다.\n전 추천 드려요', '좋아요': '0'}, {'작성자': '라떼', '별점': '5.0', '날짜': '2022.09.17.', '내용': '의사 선생님께서 가족을 대하듯... \n따뜻한 말씀과 꼼꼼한 치료에 감사드립니... 더보기', '좋아요': '0'}]","{'금': '09:00 ~ 16:00', '토': '휴무일', '일': '휴무일', '월': '09:00 ~ 16:00', '화': '09:00 ~ 16:00', '수': '09:00 ~ 16:00', '목': '09:00 ~ 16:00', '휴무일': '매주 토요일, 일요일'}"
광화문정형외과의원,,종로구 세종대로23길 54 세종빌딩 1동 107~109호,//img1.kakaocdn.net/cthumb/local/C544x408.q50/?fname=http%3A%2F%2Ft1.kakaocdn.net%2Fmystore%2F78B0071F48FF43C69A0ACF842D0A0F28,"[{'작성자': '', '별점': '', '날짜': '', '내용': ' ', '좋아요': '0'}]","{'금': '09:00 ~ 20:00', '토': '휴무일', '일': '휴무일', '월': '09:00 ~ 20:00', '화': '09:00 ~ 20:00', '수': '09:00 ~ 18:30', '목': '09:00 ~ 20:00', '휴무일': '매주 토요일, 일요일'}"
본치과,3.7,중구 동호로 361 삼성골드캐슬 3층 302호,,"[{'작성자': '하이스터', '별점': '1.0', '날짜': '2023.09.12.', '내용': '시장상인들이 가까워서 가는 치과\n간호사들 스킬이 안좋은지 스케일링도 아픔\n위생도 안좋... 더보기', '좋아요': '0'}]","{'금': '09:30 ~ 18:10', '토': '09:30 ~ 13:00', '월': '09:30 ~ 18:10', '화': '09:30 ~ 18:10', '수': '09:30 ~ 18:10', '목': '09:30 ~ 18:10'}"
명동한의원,,중구 남대문로 64-1 프린스빌딩 3층,//img1.kakaocdn.net/cthumb/local/C1104x408.q50/?fname=http%3A%2F%2Ft1.kakaocdn.net%2Fmystore%2FF7E22BBCE2C1455F8AB83812B7A85259,"[{'작성자': '', '별점': '', '날짜': '', '내용': ' ', '좋아요': '0'}]","{'금': '10:00 ~ 18:30', '토': '10:00 ~ 13:30', '일': '휴무일', '월': '10:00 ~ 18:30', '화': '10:00 ~ 18:30', '수': '휴무일', '목': '10:00 ~ 18:30', '휴무일': '공휴일'}"
종로신경외과의원,3.4,"종로구 종로 249 1,2층",//img1.kakaocdn.net/cthumb/local/C544x408.q50/?fname=http%3A%2F%2Ft1.daumcdn.net%2Fcfile%2F1227944B4FD6BE533A,"[{'작성자': '아따맘', '별점': '5.0', '날짜': '2024.07.05.', '내용': '어깨 석회화건염 치료하고 좋아졌으며\n근래 목디스크 증상 통증 때문에 힘들었는데\n원장님 믿고 치료... 더보기', '좋아요': '0'}, {'작성자': 'sss', '별점': '1.0', '날짜': '2024.01.26.', '내용': '불친절하고 팅팅거림....ㅎㅎ\nㅡㅡ기분 ㅎ......', '좋아요': '0'}, {'작성자': 'ㅎㅈ', '별점': '1.0', '날짜': '2024.01.26.', '내용': '설명도잘 안해주시고 친절하지 않아요...', '좋아요': '2'}]","{'금': '09:00 ~ 18:00', '토': '09:00 ~ 13:00', '월': '09:00 ~ 18:00', '화': '09:00 ~ 18:00', '수': '09:00 ~ 18:00', '목': '09:00 ~ 18:00'}"
정치과의원,5.0,중구 남대문로7길 13,,"[{'작성자': '장천재님', '별점': '5.0', '날짜': '2024.08.29.', '내용': '전문성 최고 과잉진료 1도 없고 점심시간 이용해서 갔는데 친절하게 진료 봐주시는 최고의 치과 앞으로 여기만 다닐 예정', '좋아요': '0'}, {'작성자': 'kk', '별점': '5.0', '날짜': '2020.10.10.', '내용': '친절한 진료 너무 좋습니다', '좋아요': '0'}, {'작성자': 'c', '별점': '5.0', '날짜': '2020.08.29.', '내용': '정말 친절하고 과잉진료 없어서 나만 알고 싶은 치과입니다.', '좋아요': '0'}]","{'금': '09:30 ~ 17:30', '토': '09:30 ~ 13:00', '월': '09:30 ~ 17:30', '화': '09:30 ~ 17:30', '수': '09:30 ~ 17:30', '목': '09:30 ~ 17:30'}"
이지브레인광화문 정신건강의학과의원,,종로구 새문안로 89 정우빌딩 7층 703호,//img1.kakaocdn.net/cthumb/local/C544x408.q50/?fname=https%3A%2F%2Fpostfiles.pstatic.net%2FMjAyNDExMjdfMjU2%2FMDAxNzMyNjc5MDc1NDc1.KHOM_JDMj__XDo3werxdMx_7W5thif6b7BX1FUSkp9gg.mLrZ_GcnXLlHO3koYi9R2dz4zQE9oCb3gBkjpUjoHycg.JPEG%2F0_013.jpg%3Ftype%3Dw966,"[{'작성자': '', '별점': '', '날짜': '', '내용': ' ', '좋아요': '0'}]","{'금': '09:00 ~ 18:00', '토': '10:00 ~ 14:00', '일': '휴무일', '월': '09:00 ~ 18:00', '화': '09:00 ~ 18:00', '수': '09:00 ~ 18:00', '목': '14:00 ~ 20:00', '휴무일': '공휴일'}"
명동서울밝은안과의원,3.7,중구 퇴계로 123 하이해리엇빌딩 8층,//img1.kakaocdn.net/cthumb/local/C544x408.q50/?fname=https%3A%2F%2Fpostfiles.pstatic.net%2FMjAyNDEyMTlfNyAg%2FMDAxNzM0NTU5MTMwODc3.7mDdFjEJcFR1rGKPmW-_v5UVTLc-6W_qW8dSk9NlUd0g.PIQLkegOqKhGeRqe7DFG1Ah4wapqDJjIxSmhL1-Lxhgg.PNG%2Fimage_2.png%3Ftype%3Dw966,"[{'작성자': 'Z', '별점': '5.0', '날짜': '2025.03.22.', '내용': '급하게 갔는데 바로바로 접수해주시고 일처리 빠르구 좋았어요\n의사선생님도 너무 친절하셔서 옆 약국에서 약도 먹고 10분만에 나옴', '좋아요': '0'}, {'작성자': '옴', '별점': '5.0', '날짜': '2025.01.16.', '내용': '직원분들하고 원장님 친절하시고 꼼꼼하게 잘봐주셔서 좋아요~', '좋아요': '0'}, {'작성자': '희꿍꿍', '별점': '5.0', '날짜': '2025.01.16.', '내용': '원장님 친절하셔서 주기적으로 검진 받으러 가고 있음~ 요 근처에 이만한 안과없어용', '좋아요': '0'}]","{'금': '10:00 ~ 20:00', '토': '10:00 ~ 17:00', '일': '휴무일', '월': '10:00 ~ 19:00', '화': '10:00 ~ 19:00', '수': '휴무일', '목': '10:00 ~ 19:00', '휴무일': '공휴일'}"
광화문믿음치과의원,3.7,종로구 새문안로5길 13 변호사빌딩 지하1층,,"[{'작성자': '', '별점': '', '날짜': '', '내용': ' ', '좋아요': '0'}]","{'금': '10:00 ~ 19:00', '월': '10:00 ~ 19:00', '화': '10:00 ~ 19:00', '수': '10:00 ~ 19:00', '목': '10:00 ~ 19:00'}"
대한내과의원,4.1,중구 퇴계로 213 일흥빌딩 4층 403호,//img1.kakaocdn.net/cthumb/local/C544x408.q50/?fname=https%3A%2F%2Fpostfiles.pstatic.net%2FMjAyNDExMTNfMjc1%2FMDAxNzMxNTA1NjQ5MzEx.QPIsRYomb-YJnq5OYdUDV1oR_xwn0-zpuA4Ifd5YCccg.xNhHAfOc1dWng7b2tMtx0AhL5eLfD99LjqNA1ie-Rnwg.JPEG%2F%25EC%259C%2584%25EA%25B3%25A0%25EB%25B9%2584.jpg%3Ftype%3Dw773,"[{'작성자': '.', '별점': '1.0', '날짜': '2024.02.05.', '내용': '환자를 생각하는 병원은 아닌듯요 .', '좋아요': '0'}, {'작성자': '뿌용', '별점': '5.0', '날짜': '2024.01.22.', '내용': '의사선생님이 친절하세요 진료도 성의있으세요!', '좋아요': '0'}, {'작성자': '뜨엉', '별점': '1.0', '날짜': '2023.05.31.', '내용': '의사선생님은 굉장히 친절하신거 같은데 간호사분들 모두가 그런건 아닌데 전화상담도 불친절했고 한분이 유독 듣기 불편할정도로 말씀하시더라고요. 충분히 친절히 말할수 있는 상황에서도 상대방 말끊고 환자분들 응대하는게 정말 기분나빴습니다.', '좋아요': '3'}]","{'금': '08:30 ~ 18:30', '토': '08:30 ~ 13:00', '일': '휴무일', '월': '08:30 ~ 18:30', '화': '08:30 ~ 18:30', '수': '08:30 ~ 18:30', '목': '08:30 ~ 18:30', '휴무일': '공휴일'}"
단침한의원,4.8,종로구 새문안로 89 정우빌딩 4층,//img1.kakaocdn.net/cthumb/local/C544x408.q50/?fname=http%3A%2F%2Ft1.daumcdn.net%2Flocal%2FkakaomapPhoto%2Freview%2Fa4a457e818505760e72153656d4fdb76f853b125%3Foriginal,"[{'작성자': '지혜', '별점': '5.0', '날짜': '2024.10.25.', '내용': '지인 소개로 갔는데 좋았습니다. 선생님이 침을 잘 놓으세요. 요즘 침 잘 놓는 곳 찾기 너무 어려워요. 다들 약만 팔려고 하고요. 그래서 침 잘 놓는 선생님들 만나면 정말 감사하고 소중하게 느껴집니다.', '좋아요': '0'}, {'작성자': 'emilylee7159', '별점': '5.0', '날짜': '2023.10.19.', '내용': '한의원 많이가봤는데 여기 최고..맞고나서 다 낫습니다\n대신아프고 조금 비쌈', '좋아요': '0'}, {'작성자': '돈썼는데 맛없는건 죄야', '별점': '5.0', '날짜': '2023.10.06.', '내용': '잘 봐주십니다. 친절하심. \n일단 침을 잘 놔서 아플 때 꼭 갑니다.\n직장때문에 몸이 여기저기 아파서 침을 왕창 맞고 싶긴한데, \n한 ... 더보기', '좋아요': '0'}]","{'금': '10:30 ~ 19:30', '토': '휴무일', '일': '휴무일', '월': '10:30 ~ 19:30', '화': '10:30 ~ 19:30', '수': '10:30 ~ 19:30', '목': '10:30 ~ 19:30', '휴무일': '공휴일'}"
세종한의원,5.0,종로구 새문안로5가길 11 옥빌딩 6층 603호,,"[{'작성자': '살다살다내비리뷰를쓰네', '별점': '5.0', '날짜': '2024.08.07.', '내용': '어깨와 목 사이 담이 생겨 회사 근처라 방문했는데 아주 만족합니다 !', '좋아요': '0'}, {'작성자': '김용국', '별점': '5.0', '날짜': '2023.12.27.', '내용': '원장님이 증상 하나하나 설명해주시고 원인이랑 관리법까지 다 알려주셔서 병원비가 아깝지않았습니다. 침이랑 물리치료도 만족스럽습니다', '좋아요': '0'}, {'작성자': '김호실', '별점': '5.0', '날짜': '2021.01.26.', '내용': '의사의 전문성이 뛰어납니다.\n직원들이 친절합니다.\n교통이 편리합니다.', '좋아요': '0'}]","{'금': '10:00 ~ 19:00', '월': '10:00 ~ 19:30', '화': '10:00 ~ 19:30', '수': '10:00 ~ 19:30', '목': '10:00 ~ 19:30'}"
제이디의원,5.0,"중구 남대문로 68 고려빌딩 6,7층",,"[{'작성자': '백태연', '별점': '5.0', '날짜': '2021.10.16.', '내용': '매번 정성스럽게 진료 봐주십니다!', '좋아요': '0'}]","{'금': '10:00 ~ 19:00', '토': '휴무일', '일': '휴무일', '월': '10:00 ~ 19:00', '화': '10:00 ~ 19:00', '수': '10:00 ~ 19:00', '목': '10:00 ~ 19:00', '휴무일': '공휴일'}"
새생명한의원,5.0,종로구 율곡로19가길 3 3층,,"[{'작성자': '싸나이생도1', '별점': '5.0', '날짜': '2022.08.25.', '내용': '너무 친절 하십니다^^', '좋아요': '2'}, {'작성자': '안용주', '별점': '5.0', '날짜': '2020.02.20.', '내용': '선생님이 딱딱하고 정형화된 진료가아니라 친근감있고 알기쉽게 여기가 아픈데 여기여기를 치료하려는 이유를 설명해주시고 기계치료할때도 한번왔다 끝나는 알람소리에 오시는데 여러번 오셔서 기계조작 및 상태체크 해주시는게 좋았습니다', '좋아요': '3'}, {'작성자': 'Theo', '별점': '5.0', '날짜': '2018.03.08.', '내용': '친절하시고 잘봐주시네요', '좋아요': '3'}]","{'금': '09:00 ~ 18:00', '토': '09:00 ~ 12:00', '월': '09:00 ~ 18:00', '화': '09:00 ~ 18:00', '수': '09:00 ~ 18:00', '목': '09:00 ~ 18:00'}"
웃는치과의원,5.0,종로구 새문안로5길 19,//img1.kakaocdn.net/cthumb/local/C544x408.q50/?fname=http%3A%2F%2Ft1.daumcdn.net%2Flocal%2FkakaomapPhoto%2Freview%2F1d355e165f916114ab7b2a13546d6791341effe7%3Foriginal,"[{'작성자': '이진형', '별점': '5.0', '날짜': '2020.04.24.', '내용': '원장선생님은 물론이고 간호사님도 친절하심. \n바로 옆 카페도 가성비 좋고 주변에 예쁜 곳이 많습니다! ㅅ ㅡ ㅅ', '좋아요': '0'}]","{'금': '10:00 ~ 18:00', '월': '10:00 ~ 18:00', '화': '10:00 ~ 18:00', '수': '10:00 ~ 18:00', '목': '10:00 ~ 18:00'}"
서울이비인후과,2.3,중구 퇴계로 213 일흥빌딩 302호,,"[{'작성자': 'Avenue', '별점': '1.0', '날짜': '2025.01.04.', '내용': '독감때문에 수액 맞겠다니 감염 위험성 때문에 타미플루 처방받았다. ㅋㅋ 검사 끝나니까 가까히 오지 말라는 의사 본 적 있음? 친절함 어쩌고 말 하는데 왜 있잖아 기분 더러운 친절함. 수액 맞고 끝내려 했더니 약 5일이나 먹어야하네', '좋아요': '0'}, {'작성자': '박준원', '별점': '5.0', '날짜': '2024.12.03.', '내용': '리뷰가 왜 안 좋은지 모르겠네요. 친절하고 좋았습니다~', '좋아요': '0'}, {'작성자': '두비둠', '별점': '1.0', '날짜': '2024.11.05.', '내용': '의사 말투가 기분나쁜거도 있는데 \n진짜 타고난건지 저렇게만 살아오신건지..\n근데 그걸 떠나서 병원 자체가 기본적임 감염관리 개념이 없다. 장갑낀 손으로 이것저것 다... 더보기', '좋아요': '0'}]","{'금': '09:00 ~ 18:30', '토': '09:00 ~ 14:00', '월': '09:00 ~ 18:30', '화': '09:00 ~ 18:30', '수': '09:00 ~ 18:30', '목': '09:00 ~ 18:30'}"
미래의원,5.0,종로구 종로41길 49 2층,,"[{'작성자': '박민호', '별점': '5.0', '날짜': '2024.05.29.', '내용': '우연히 들렸는데요. 너무 친절하셔서 병원을 다녀왔는데 기분이 좋아졌어요. 진짜 병원을 가는 느낌이랄까..ㅎㅎ하여튼 추천합니다.', '좋아요': '0'}, {'작성자': '김리나', '별점': '5.0', '날짜': '2024.04.04.', '내용': '설명을 잘 해 주십니다.', '좋아요': '0'}]","{'금': '09:00 ~ 18:00', '토': '09:00 ~ 13:00', '일': '휴무일', '월': '09:00 ~ 18:00', '화': '09:00 ~ 18:00', '수': '09:00 ~ 18:00', '목': '09:00 ~ 18:00', '휴무일': '매주 일요일'}"
백명기의원,4.3,중구 명동8길 47 3-4층,//img1.kakaocdn.net/cthumb/local/C544x408.q50/?fname=https%3A%2F%2Fpostfiles.pstatic.net%2FMjAyNDEyMjNfMjMg%2FMDAxNzM0OTQxNzI0Njg5.1nrXU1YdSzFSVpDPyOV-q3I5sV9Uy5NvSGWibI8Q7lMg.j1OGvjF62zuTeY2whVMSDwelQcL_IPTmORa7oHj6Mp8g.JPEG%2FHoly_0_2110_004.jpg%3Ftype%3Dw466,"[{'작성자': '쑤비니', '별점': '3.0', '날짜': '2020.01.17.', '내용': '약간 사이비 느낌나서 그냥 그랬어요.', '좋아요': '0'}]","{'금': '10:00 ~ 19:00', '토': '10:00 ~ 14:00', '일': '휴무일', '월': '10:00 ~ 19:00', '화': '10:00 ~ 19:00', '수': '11:00 ~ 20:00', '목': '10:00 ~ 19:00', '휴무일': '공휴일'}"
서울제이치과의원,4.0,종로구 대학로 132,//img1.kakaocdn.net/cthumb/local/C544x408.q50/?fname=https%3A%2F%2Fblogfiles.pstatic.net%2FMjAyMzAzMTZfMjg1%2FMDAxNjc4OTUyMTkwNTE4.Nj_MESIzg5zX5CtfKFXLIznknF9gM7RQnv8TwA6Gmcsg.wCY54zJZvYvKzme5jAZTVuwinKnbfWqZLXhngxgsAOkg.JPEG.rnjstjrqhde1%2F6.JPG%3Ftype%3Dw1,"[{'작성자': '손님', '별점': '1.0', '날짜': '2024.01.02.', '내용': '대충 설명해주세요.....', '좋아요': '0'}, {'작성자': '동그라미', '별점': '4.0', '날짜': '2023.12.15.', '내용': '다른 치과와 가격은 비슷하지만 합리적으로 필요한 부분만 치료하고 과잉진료는 없습니다. 시설 좋고 원장님 직원분들 친절하고.. 다만 충치치료 가격은 잘 알아보고 가세요.', '좋아요': '0'}, {'작성자': '♡Ae-Ry♡エリ', '별점': '5.0', '날짜': '2022.12.20.', '내용': '사랑니 발치하러 찾아갔는데, 리뷰처럼 의사선생님 너무 친절하시고, 그동안 사랑니뽑을때 항상 제가 마취가 잘 풀려 고생했는데, 마취도 너무 잘 놔주시고, 꼼꼼하게 배려해주시고, 치과 많이 다녀봤지만, 앞... 더보기', '좋아요': '0'}]","{'금': '10:30 ~ 19:30', '토': '10:30 ~ 14:30', '월': '10:30 ~ 19:30', '화': '10:30 ~ 21:00', '수': '10:30 ~ 19:30', '목': '10:30 ~ 21:00'}"
조종만치과의원,0.0,종로구 새문안로5길 55 현대빌딩,,"[{'작성자': '', '별점': '', '날짜': '', '내용': ' ', '좋아요': '0'}]","{'금': '08:30 ~ 13:00', '월': '08:30 ~ 17:00', '화': '08:30 ~ 17:00', '수': '08:30 ~ 17:00', '목': '08:30 ~ 17:00'}"
명동리아한의원,5.0,중구 명동8가길 27 9층,//img1.kakaocdn.net/cthumb/local/C544x408.q50/?fname=https%3A%2F%2Fpostfiles.pstatic.net%2FMjAyNDEyMzFfMjE3%2FMDAxNzM1NTg1OTU4MzI2.tuK8h3sa9Uv4_CuRCQQ39mBfQWT1VM7OecAaWTeZlhUg.9n-49w44y6g0OXKRhTlgHiXF3jBOKZqsysw-yqqz4lwg.PNG%2F%25EB%25A6%25AC%25EC%2595%2584_(4)_016.png%3Ftype%3Dw966,"[{'작성자': '양소희', '별점': '5.0', '날짜': '2024.12.15.', '내용': '좋은 진료 감사해요', '좋아요': '0'}]","{'금': '10:30 ~ 21:00', '토': '10:00 ~ 15:00', '월': '10:30 ~ 21:00', '화': '10:30 ~ 21:00', '목': '10:30 ~ 21:00'}"
본치과의원,0.0,중구 동호로 361,,"[{'작성자': '', '별점': '', '날짜': '', '내용': ' ', '좋아요': '0'}]",{}
이윤정치과의원,0.0,중구 명동8가길 27 4층,,"[{'작성자': '', '별점': '', '날짜': '', '내용': ' ', '좋아요': '0'}]",{}
아름턱한의원,5.0,종로구 대학로 132 5층,//img1.kakaocdn.net/cthumb/local/C544x408.q50/?fname=https%3A%2F%2Fblogfiles.pstatic.net%2FMjAyMjA3MjdfMjcg%2FMDAxNjU4ODkwMjY0MDY5.Wsmw_IL1cVOiuo1AhJBbYqtaMWLJIUcZfurLD37fLB8g.T38MhCbWQ184i5fSBgHMcPWC_ImN-X2UYD4sUh1dnhUg.JPEG.aulycee%2F1.jpg%3Ftype%3Dw1,"[{'작성자': '아르마다', '별점': '5.0', '날짜': '2023.06.21.', '내용': '카페스러운 세련된 분위기', '좋아요': '0'}]","{'금': '10:00 ~ 17:00', '토': '10:00 ~ 15:00', '화': '10:00 ~ 20:30', '수': '10:00 ~ 17:00', '목': '10:00 ~ 20:30'}"
경맥침술원,0.0,중구 퇴계로 217,,"[{'작성자': '', '별점': '', '날짜': '', '내용': ' ', '좋아요': '0'}]",{}
바른이치과의원,1.0,종로구 율곡로 241-2 3층,,"[{'작성자': 'xstra71', '별점': '1.0', '날짜': '2022.04.15.', '내용': '처음가면 스케일링부터 하라고 함.\n권하는 치료 거부하면 안색돌변.\n치료중 누가... 더보기', '좋아요': '1'}]","{'금': '09:00 ~ 17:00', '월': '09:00 ~ 17:00', '화': '09:00 ~ 17:00', '수': '09:00 ~ 17:00', '목': '09:00 ~ 17:00'}"
남일한의원,0.0,종로구 종로35가길 30,,"[{'작성자': '', '별점': '', '날짜': '', '내용': ' ', '좋아요': '0'}]",{}
광화문치과의원,5.0,종로구 새문안로 89 정우빌딩 5층 501호,//img1.kakaocdn.net/cthumb/local/C544x408.q50/?fname=http%3A%2F%2Ft1.daumcdn.net%2Flocalfiy%2F3DB9C9A824384FCFB72214B0AFAE337E,"[{'작성자': '상두마차', '별점': '5.0', '날짜': '2020.11.17.', '내용': '편안하게 잘 진료해 주세요..!\n좋아요^^', '좋아요': '0'}]","{'금': '10:00 ~ 19:00', '토': '10:00 ~ 13:00', '월': '10:00 ~ 19:00', '화': '10:00 ~ 19:00', '수': '10:00 ~ 19:00', '목': '10:00 ~ 19:00'}"
소망마취통증의학과의원,4.8,종로구 사직로 130 적선현대빌딩 2층,//img1.kakaocdn.net/cthumb/local/C544x408.q50/?fname=https%3A%2F%2Fpostfiles.pstatic.net%2FMjAyNTAxMTZfMTA1%2FMDAxNzM3MDA5NTI5NTkz.Yh7wbbRoGVAQ-mSsRwI5J1YTkoXfxe44GRu2Syb-sVog.p12LCGZP2HxDqEOpixdwrhqr_RlCL_GedOzjj6CC5SYg.JPEG%2F05%25ED%2585%258C%25EB%258B%2588%25EC%258A%25A4_%25EC%2597%2598%25EB%25B3%25B4%25EC%259A%25B0_%25ED%2586%25B5%25EC%25A6%259D.jpg%3Ftype%3Dw966,"[{'작성자': '최원석', '별점': '5.0', '날짜': '2024.11.06.', '내용': '허리통증으로 오래 고생했는데\n꾸준히 치료 받으니 너무 좋아졌어요\n감사합니다 선생님들~', '좋아요': '0'}, {'작성자': '구름이', '별점': '1.0', '날짜': '2024.08.05.', '내용': '불친절 하시네요 ㅠㅠ\n다시는 안갑니다', '좋아요': '0'}, {'작성자': '길', '별점': '5.0', '날짜': '2023.11.18.', '내용': '원장 선생님~ 진료도 잘하시고요. 초등 아이에게도 어깨와 발목 자세하고 친절하게 설명해주세요. 너무 좋습니다.', '좋아요': '0'}]","{'금': '09:00 ~ 18:00', '토': '휴무일', '일': '휴무일', '월': '09:00 ~ 20:00', '화': '09:00 ~ 18:00', '수': '09:00 ~ 18:00', '목': '09:00 ~ 20:00', '휴무일': '공휴일'}"
밀레니엄연세치과,5.0,중구 세종대로18길 36 동양빌딩 2층,,"[{'작성자': '심정욱', '별점': '5.0', '날짜': '2025.03.10.', '내용': '친절하고 자세한 설명 환자 배려까지... 반백년만에 이런 치과 처음입니다.', '좋아요': '0'}, {'작성자': '태지영(해피kelly)', '별점': '5.0', '날짜': '2023.08.09.', '내용': '강추입니다~ 원장님의 상세한 설명과 세심한 치료, 치과 공포증을 날려주는 최고의 실력과 코믹 센스(^^), 그리고 너무나 친절한 간호사쌤들~ 인생치과 발견했습니다~!!! 감사합니다', '좋아요': '0'}, {'작성자': '최성학', '별점': '5.0', '날짜': '2023.04.17.', '내용': '원장님이 엄~청 꼼꼼하고 친철함', '좋아요': '0'}]","{'금': '10:00 ~ 19:00', '토': '10:00 ~ 14:00', '월': '10:00 ~ 19:00', '화': '10:00 ~ 21:00', '수': '10:00 ~ 19:00', '목': '10:00 ~ 19:00'}"
성혜내과의원,2.3,종로구 새문안로 83,,"[{'작성자': '체리', '별점': '1.0', '날짜': '2024.11.13.', '내용': '접수대 간호사 바꾸세요...\n진료만 잘보면 된다는 후기들 댓글 알바같아요..\n진료 잘보고 친절한 병원도 많은데 굳이 여길 또 가고싶진 않... 더보기', '좋아요': '0'}, {'작성자': '고앵', '별점': '1.0', '날짜': '2024.08.26.', '내용': '지인 소개로 갔는데 완전 불친절, 진료도 최악. 의사가 말도 못 알아듣고 자꾸 말 끊고 트집잡는데 지금까지 가본 병원 중에 이런 곳은 처음이네요…;;; 1점도 아까운 곳', '좋아요': '2'}, {'작성자': 'Soil', '별점': '1.0', '날짜': '2024.08.01.', '내용': '접수 간호사부터 의사까지 하나같이 띠껍고 불친절하다는 느낌. 지인으로 보이는 리뷰 말고 진짜 고객 리뷰를 보시길.', '좋아요': '3'}]","{'금': '09:30 ~ 18:30', '토': '휴무일', '일': '휴무일', '월': '09:30 ~ 18:30', '화': '09:30 ~ 18:30', '수': '09:30 ~ 18:30', '목': '09:30 ~ 18:30', '휴무일': '공휴일'}"
노정식성형외과의원,5.0,중구 명동8길 46 3층,,"[{'작성자': '', '별점': '', '날짜': '', '내용': ' ', '좋아요': '0'}]","{'금': '10:00 ~ 19:00', '토': '10:00 ~ 14:00', '일': '휴무일', '월': '10:00 ~ 19:00', '화': '10:00 ~ 19:00', '수': '휴무일', '목': '10:00 ~ 19:00', '휴무일': '공휴일'}"
밸런스치과의원,0.0,중구 남대문로 63,,"[{'작성자': '', '별점': '', '날짜': '', '내용': ' ', '좋아요': '0'}]","{'금': '09:30 ~ 18:30', '월': '09:30 ~ 18:30', '화': '09:30 ~ 18:30', '수': '09:30 ~ 18:30', '목': '09:30 ~ 18:30'}"
본치과 의원,3.0,종로구 대학로12길 10,,"[{'작성자': '수', '별점': '1.0', '날짜': '2023.01.01.', '내용': '치위생사 1명이 유독 불친절', '좋아요': '0'}, {'작성자': '굼바구미', '별점': '1.0', '날짜': '2022.12.26.', '내용': '이 곳에서 교정했지만\n 현재 앞니 돌출이 개선되지 않고, 위 아랫니 사이 공간이 너무 커 이를 다물어도 치아 사이로 ... 더보기', '좋아요': '4'}, {'작성자': 'ell cheektos', '별점': '5.0', '날짜': '2020.11.14.', '내용': 'good job', '좋아요': '1'}]","{'금': '11:00 ~ 18:00', '토': '10:00 ~ 13:00', '월': '11:00 ~ 18:00', '화': '11:00 ~ 18:00', '수': '11:00 ~ 18:00', '목': '11:00 ~ 18:00'}"
광화문오피시아치과의원,5.0,종로구 새문안로 92 오피시아빌딩 3층 312호,,"[{'작성자': '', '별점': '', '날짜': '', '내용': ' ', '좋아요': '0'}]",{}
서울N비뇨기과의원 충무로점,3.7,중구 퇴계로 213 일흥빌딩 3층 303호,//img1.kakaocdn.net/cthumb/local/C544x408.q50/?fname=http%3A%2F%2Ft1.daumcdn.net%2Flocalfiy%2F3151662C054C474A979A66D84D39F96B,"[{'작성자': '진성호', '별점': '5.0', '날짜': '2025.01.15.', '내용': '전부 친절하시고 설명도 자세하게 해주시네요.\nEXCELLENT~~~', '좋아요': '0'}, {'작성자': '하루살이', '별점': '5.0', '날짜': '2023.12.27.', '내용': '정기검진 받는 곳인데 남자의사분이 친절하심', '좋아요': '0'}, {'작성자': 'j_r2', '별점': '5.0', '날짜': '2023.11.02.', '내용': '남편이 결석 때문에 너무 아파해서 응급으로 갔는데 잘 진료봐주셨어요 감사합니다', '좋아요': '0'}]","{'금': '09:00 ~ 19:00', '토': '09:00 ~ 13:00', '일': '휴무일', '월': '09:00 ~ 19:00', '화': '09:00 ~ 19:00', '수': '09:00 ~ 19:00', '목': '09:00 ~ 19:00', '휴무일': '공휴일'}"
김현치과의원,5.0,종로구 종로 256,,"[{'작성자': '프로도', '별점': '5.0', '날짜': '2025.01.16.', '내용': '30년 전에 갔었는데 아직도 건강히 계신가요\n아버지도 저도 과잉진료 없이 친절하게 해주셨던게 생각나네요\n오래오래 건강하세요', '좋아요': '0'}, {'작성자': '공명', '별점': '5.0', '날짜': '2024.02.19.', '내용': '소문만 듣고 갔다가 놀라서 나왔습니다.\n\n돈뜯어낼려고 머리굴리면서 영업... 더보기', '좋아요': '2'}, {'작성자': '동그라미', '별점': '5.0', '날짜': '2023.12.15.', '내용': '후기대로 시설은 조금 노후했지만 원장님 실력 좋으시고 직원분들도 친절했어요. 가격도 굉장히 양심적으로 받으시고 좋아요. 앞으로도 치과는 이곳만 이용할겁니다.', '좋아요': '1'}]","{'금': '09:00 ~ 16:00', '월': '09:00 ~ 16:00', '화': '09:00 ~ 16:00', '수': '09:00 ~ 16:00', '목': '09:00 ~ 16:00'}"
혜화편한의원,4.4,종로구 창경궁로34길 26 3층,//img1.kakaocdn.net/cthumb/local/C544x408.q50/?fname=https%3A%2F%2Fpost-phinf.pstatic.net%2FMjAyMjA0MjdfMTQg%2FMDAxNjUxMDI2MTMxNzcw.FpcGKwjyrCpKitIH5Mms35w2q_psQD42fUnqGjyCUTMg.L_kQVI1-VeZELE6jJVRuj_tETCmcPXCyZat1m15uQlYg.JPEG%2Fshutterstock_1059882755_%25281%2529.jpg%3Ftype%3Dw1200,"[{'작성자': '김진숙', '별점': '5.0', '날짜': '2024.05.27.', '내용': '부모님선물 사려고 방문했는데 원장님도 친절하시고 병원도 깨끗해서 넘 좋았어요 :)', '좋아요': '1'}, {'작성자': '지은', '별점': '5.0', '날짜': '2024.05.25.', '내용': '쌤 너무 친절하세용!! 시설도 깨끗하구 추천해용💕', '좋아요': '0'}, {'작성자': '.', '별점': '5.0', '날짜': '2024.04.27.', '내용': '이렇게 깔끔하고 편안한 한의원은 처음 봐요..! \n직원분들도 원장님도 다들 너무 친절하시고 원장님이 침도 시원하게 잘 놔 주셔서 어깨가 한결 가... 더보기', '좋아요': '1'}]","{'금': '09:30 ~ 20:00', '토': '09:30 ~ 13:00', '월': '09:30 ~ 20:00', '화': '09:30 ~ 20:00', '목': '09:30 ~ 20:00'}"
믿음치과의원,4.3,중구 퇴계로 195,,"[{'작성자': 'h.r  choi', '별점': '2.0', '날짜': '2022.01.03.', '내용': '저녁때 안되  오후에일이있어 오전에갔는데  노인분들많아 대기시간 많을때있구요 예약제가아니다보니 모르고첨갔다가쫒겨  받고왔더니 좀 치료도 제대로못해 다... 더보기', '좋아요': '1'}, {'작성자': '조동완', '별점': '5.0', '날짜': '2021.05.15.', '내용': '집에서 먼 곳이지만 아내한테 소개받고 가봤는데요. 가성비 갑입니다. 충치도 나이도 있으니 어지간하면 그냥 떼워서 쓰라고 하시면서 비용이 많이 드는 것을 권하지 않으시구요. 듣기로는 치과 의료선교를 ... 더보기', '좋아요': '2'}, {'작성자': '🐻', '별점': '5.0', '날짜': '2019.04.29.', '내용': '직장이 충무로역 근처일때 이 병원에서 크라운을 했는데 여타 비싸기만한 다른치과들에 비해 여긴 치료비도 정직하고 꼼꼼히 해주셔서 제가 먼곳으로  직장을 옮기고 나서도 치과는 꼭 여기로 다녀요 원장님과 부원장님 등 모두 친절하고 좋으세요', '좋아요': '4'}]","{'금': '11:30 ~ 17:30', '토': '11:30 ~ 13:00', '월': '11:30 ~ 17:30', '화': '11:30 ~ 17:30', '수': '11:30 ~ 17:30', '목': '11:30 ~ 17:30'}"
백앤허치과의원,3.0,중구 퇴계로 235 남산센트럴자이아파트 A동 208호,,"[{'작성자': 'Burn', '별점': '5.0', '날짜': '2023.03.25.', '내용': '서울대학교치과병원에서 근 5년정도 제 전담 교수님이셨는데요. 정년퇴임하시고 충무로로 오셨네요. 겨우 수소문해서 개원한델 찾아왔습니다. 진짜 지금까지 만나본치과의중에서 최고입니다. 예전에 원인 모... 더보기', '좋아요': '1'}]","{'금': '09:30 ~ 17:30', '월': '09:30 ~ 17:30', '화': '09:30 ~ 17:30', '수': '09:30 ~ 17:30', '목': '09:30 ~ 17:30'}"
닥터에버스의원 명동,5.0,"중구 퇴계로 131 신일빌딩5-6층 512~513, 600, 608~613",//img1.kakaocdn.net/cthumb/local/C544x408.q50/?fname=https%3A%2F%2Fpostfiles.pstatic.net%2FMjAyNDEyMzFfMjAx%2FMDAxNzM1NjE1OTM5NDU0.-whzG1GyAeoqAdCfQtqvuysG9qjjiU-uGs2qTkfcCRwg.ycHOJFf2Fm4gMRUIO-_EiRac9eGYK6qBABdDV_Ybwp0g.JPEG%2F3.jpg%3Ftype%3Dw966,"[{'작성자': '콴콴', '별점': '5.0', '날짜': '2025.02.11.', '내용': '직원 분들이 친절하게 상담 해 주심. 특히 원장님이 매우 친절하고 꼼꼼하게 봐 주심.(성함은 모름) 병원 환경은 전체적으로 깔끔하고 깨끗함. 아쉽게도 주차는 안 되지만 지하철 출구 바로 앞이라 대중교통으로 오기는 편함.', '좋아요': '0'}, {'작성자': '뷰뷰', '별점': '5.0', '날짜': '2025.01.31.', '내용': '친절해요', '좋아요': '0'}]","{'금': '10:30 ~ 20:30', '토': '10:30 ~ 17:00', '일': '10:30 ~ 17:00', '월': '10:30 ~ 20:30', '화': '10:30 ~ 20:30', '수': '10:30 ~ 20:30', '목': '10:30 ~ 20:30', '휴무일': '설당일'}"
광화문하나이비인후과의원,3.0,종로구 자하문로2길 4 경복빌딩 5층,,"[{'작성자': '풍팡', '별점': '4.0', '날짜': '2024.03.27.', '내용': '오잉 저는 괜찮았는데 안좋은 후기가 많네요\n약이독하다는 의견이있는데 그만큼\n빨리나아요', '좋아요': '0'}, {'작성자': 'adelg', '별점': '1.0', '날짜': '2023.11.24.', '내용': '역근처라 급하면 가긴하는데 매반 처방약이 지나친 듯 언젠가는  임파선 약 복용하고 위 뒤집어져서 다른 내과갔음 \n그리고 쌤… 제 무릎에다 그 부위… 불편하고 불쾌했습니다 ㅜ', '좋아요': '0'}, {'작성자': 'JUNG', '별점': '1.0', '날짜': '2023.11.13.', '내용': '병원운영 이따구로 하지마쇼.\n의사면허 반납하시길\n\n다른병원가니까 축농증 아... 더보기', '좋아요': '1'}]","{'금': '09:30 ~ 18:30', '토': '09:30 ~ 13:00', '일': '휴무일', '월': '09:30 ~ 18:30', '화': '09:30 ~ 18:30', '수': '09:30 ~ 13:00', '목': '09:30 ~ 18:30', '휴무일': '매주 일요일'}"
닥터쁘띠의원 명동점,0.0,중구 퇴계로 145 3층,//img1.kakaocdn.net/cthumb/local/C544x408.q50/?fname=http%3A%2F%2Ft1.kakaocdn.net%2Fmystore%2F9064A6509B124AF0924034FB50E7C4BF,"[{'작성자': '', '별점': '', '날짜': '', '내용': ' ', '좋아요': '0'}]","{'금': '10:00 ~ 19:30', '토': '10:00 ~ 18:00', '일': '10:00 ~ 18:00', '월': '10:00 ~ 19:30', '화': '10:00 ~ 19:30', '수': '10:00 ~ 19:30', '목': '10:00 ~ 19:30', '휴무일': '설전날, 설당일, 설다음날, 1월1일'}"
경복궁 경희한의원,4.2,종로구 자하문로2길 4 경복빌딩 4층,//img1.kakaocdn.net/cthumb/local/C544x408.q50/?fname=https%3A%2F%2Fblogfiles.pstatic.net%2FMjAyMjA4MDhfMTIg%2FMDAxNjU5OTIyNzY1ODYy.IGiTWJrPkyjJWevYVujcZiap8FCBIGGAiEm1lhrCg04g.HR2VPv7E_fo6qZUfTUzmz-WSH21KJiY-Ofa9xZt_IPgg.JPEG.gbgacu2%2FSE-bd8a9a62-7e83-4116-a1c6-124b08a2910f.jpg%3Ftype%3Dw1,"[{'작성자': '민2맘', '별점': '5.0', '날짜': '2024.07.12.', '내용': '만성두통클리닉 통증치료 \n\n항상 친절하시고\n과잉 진료  ... 더보기', '좋아요': '0'}, {'작성자': '다먹고죽는다', '별점': '1.0', '날짜': '2024.02.21.', '내용': '여기 좀 신기해요ㅋㅋ 맥도 안 잡고 제가 ㅇㅇ같아요 하니까 그럴수있다 하고 바로 침 놔줬어요..;; 환자가 말한대로 진료해주는 곳도 있나요? 엥? 맥 안 잡아주는 병원은 처음이에요', '좋아요': '3'}, {'작성자': '미숙한 미식가', '별점': '1.0', '날짜': '2023.12.23.', '내용': '보통 한의원 다녀오면 즉각적인 효과는 있던데(그 효과가 오래 가진 못해도) 여긴 그마저도 없어서 신기할 따름. 밑에 댓글알바들 쓴 건지 의심될 정도. 유일한 장점=진료봐주신 선생님은 친절하심! 그런데 데스크에 안경 낀 통통한... 더보기', '좋아요': '2'}]","{'금': '09:00 ~ 21:00', '토': '09:00 ~ 17:00', '일': '09:00 ~ 17:00', '월': '09:00 ~ 21:00', '화': '09:00 ~ 21:00', '수': '09:00 ~ 21:00', '목': '09:00 ~ 21:00'}"
박효대내과의원,3.1,종로구 자하문로2길 4 경복빌딩 2층 203호,,"[{'작성자': '깜냥', '별점': '5.0', '날짜': '2024.12.13.', '내용': '너무 친절하고 편안해요. 첫번째는 대상포진이 의심돼서, 두번째는 독감접종하러 갔었어요. 진료 꼼꼼히 봐주시고 분위기가 정말 편안합니다. 나이 지긋하신 두분이 운영하고 계세요. 오래 하셨으면 좋겠어요.', '좋아요': '0'}, {'작성자': '쏘다', '별점': '3.0', '날짜': '2024.06.05.', '내용': '후기가 다 왜이러나 했는데 진짜 데스크, 의사선생님 두분이 80대 중후반으로 보임.. 다리 절뚝거리시는 할머니고 자매이신듯?? 닮았음 귀여우심 ㅎㅎ 근데 이제 제대로 약을 주시나에... 더보기', '좋아요': '0'}, {'작성자': 'ㅇ', '별점': '4.0', '날짜': '2024.04.09.', '내용': '감기 1주일 동안 안 낫던 거 먹자마자 금방 호전증상 보였어요  진심으로 아픈 걸 공감해주시고, 걱정을 많이 하세요🤭... 더보기', '좋아요': '0'}]","{'금': '08:30 ~ 19:00', '토': '08:30 ~ 15:00', '일': '휴무일', '월': '08:30 ~ 19:00', '화': '08:30 ~ 19:00', '수': '08:30 ~ 19:00', '목': '08:30 ~ 19:00', '휴무일': '매주 일요일'}"
종로강남한의원,4.7,종로구 종로 252-3,//img1.kakaocdn.net/cthumb/local/C544x408.q50/?fname=http%3A%2F%2Ft1.daumcdn.net%2Flocal%2FkakaomapPhoto%2Freview%2Fcf348805d2356985f6597804c42239c193db71ce%3Foriginal,"[{'작성자': '🐵', '별점': '5.0', '날짜': '2025.02.20.', '내용': '더쌍화본점\n종로강남한의원입니다\n쌍화차 가성비좋고 맛있습니다', '좋아요': '1'}, {'작성자': 'DI', '별점': '5.0', '날짜': '2023.05.21.', '내용': '가격도 착하고 맛고 좋아요!', '좋아요': '0'}, {'작성자': 'shine', '별점': '5.0', '날짜': '2023.03.07.', '내용': '종로 방문할때마다 들릅니다. 골목 안쪽이라 차가지고 오면 먼곳에 주차해야 합니다. 건강해지는 느낌도 들고 차와 함께 나오는 인삼뿌리도 마음에 듭니다. 커피보다 자주 마시고 싶은데 동네나 회사 주변에는 이런곳이 없네요..', '좋아요': '0'}]","{'금': '09:30 ~ 18:00', '월': '09:30 ~ 18:00', '화': '09:30 ~ 18:00', '수': '09:30 ~ 18:00', '목': '09:30 ~ 18:00'}"
명동고운세상피부과의원,,중구 퇴계로 131 신일빌딩 3층 308~311호,//img1.kakaocdn.net/cthumb/local/C544x408.q50/?fname=http%3A%2F%2Ft1.daumcdn.net%2Flocalfiy%2F351B8E65FF2D4D789BCCEB9C7844A974,"[{'작성자': '', '별점': '', '날짜': '', '내용': ' ', '좋아요': '0'}]","{'금': '10:00 ~ 19:30', '토': '10:00 ~ 15:00', '일': '휴무일', '월': '10:00 ~ 19:30', '화': '10:00 ~ 19:30', '수': '10:00 ~ 19:30', '휴무일': '공휴일'}"
이플러스치과,2.1,종로구 세종대로23길 54 세종빌딩 7층,//img1.kakaocdn.net/cthumb/local/C544x408.q50/?fname=http%3A%2F%2Ft1.kakaocdn.net%2Ffiy_reboot%2Fplace%2F612CBE13D05941D2AF140EC137E25FC3,"[{'작성자': '철녀', '별점': '1.0', '날짜': '2024.12.10.', '내용': '애기 맡겨놓고 온거라 처음부터 시간이 많이 없어서 얼마나 걸리냐고 물었더니  시간이 걸리면 걸린다고 얘기 해 주면 되지 금방한다고 해놓고 40분을 기다리게 하더니 상담때는 얘기 없던 추가치료 얘기해서 시간 ... 더보기', '좋아요': '0'}, {'작성자': 'ㅎㅅㅎ', '별점': '4.0', '날짜': '2024.06.01.', '내용': 'Kmi 건강검진 받으면서 공찌로 진료받게 해주는데 겁을 주긴 하지만 그렇게 치료를 권하고 그러진 않습니다. 스케일링 비용 전국 다 똑같다길래 할 때 되서 했는데 피를 보긴 했습니다..', '좋아요': '0'}, {'작성자': 'L', '별점': '1.0', '날짜': '2024.01.04.', '내용': '최악. 매년 검사 꼼꼼히 받고 있는데 다 충치라고 겁주고 돈 털리게 만듦. 대충 보고 충치라고 그냥 지르고 보시네요. 다른치과 다시 몇군데 가니 아무 이상 없다고 하네요. 여기서 겁줘서 돈시간다버림.', '좋아요': '2'}]","{'금': '09:00 ~ 18:00', '토': '09:00 ~ 14:00', '월': '09:00 ~ 18:00', '화': '09:00 ~ 18:00', '수': '09:00 ~ 18:00', '목': '휴무일', '휴무일': '매주 목요일'}"
종로신진한의원,5.0,"종로구 종로39길 14 지하1층, 1층",//img1.kakaocdn.net/cthumb/local/C544x408.q50/?fname=http%3A%2F%2Ft1.kakaocdn.net%2Fmystore%2F742B4FF97F7345FC9E80727E1CE93B12,"[{'작성자': '평가왕', '별점': '5.0', '날짜': '2024.03.05.', '내용': '종로5가 제이복권방이랑 가깝습니다', '좋아요': '0'}]","{'금': '09:30 ~ 18:00', '토': '09:30 ~ 16:00', '월': '09:30 ~ 18:00', '화': '09:30 ~ 18:00', '수': '09:30 ~ 18:00', '목': '09:30 ~ 18:00'}"
서울하이케어의원,0.0,중구 소공로 116,,"[{'작성자': '', '별점': '', '날짜': '', '내용': ' ', '좋아요': '0'}]","{'금': '09:00 ~ 18:00', '토': '09:00 ~ 14:00', '월': '09:00 ~ 18:00', '화': '09:00 ~ 18:00', '수': '09:00 ~ 18:00', '목': '09:00 ~ 18:00'}"
아름다운나라피부과의원 명동,2.4,중구 명동8나길 6 지오지아빌딩 4층,//img1.kakaocdn.net/cthumb/local/C1104x408.q50/?fname=http%3A%2F%2Ft1.daumcdn.net%2Flocal%2FkakaomapPhoto%2Freview%2Fc2d34b34cd1cb0bb0996b2a636d6b9684b9401cc65499b61537ef67fd531dd05,"[{'작성자': '기마밍', '별점': '5.0', '날짜': '2025.02.24.', '내용': '왜 평점이 낮은지 모르겠네요\n얼굴 다쳐서 갔는데 친절하고 전문적으로 잘 해주셨어요. 과잉진료 없고요. \n원장님은 피부과 전문의라 믿을 수 있고 친근하고 친절... 더보기', '좋아요': '1'}, {'작성자': 'kirakira', '별점': '5.0', '날짜': '2024.08.24.', '내용': '피부트러블의 원인부터 잘 설명해 주셔서 이해가 잘 됐어요.\n친절하고 깨끗한 분위기 등 괜찮은 병원인 것 같아요.친절하고 시설이 깨끗해요', '좋아요': '0'}, {'작성자': '밍밍', '별점': '1.0', '날짜': '2024.02.02.', '내용': '사마귀 쬐깐한거 무슨5만원이넘음 전화할땐 만원부터라더니 손발빼고 비보험이라함 네이버에 찾아봐도 저정도가격 안함 . 걍안한다함', '좋아요': '0'}]","{'금': '10:00 ~ 19:30', '토': '10:00 ~ 17:00', '일': '10:00 ~ 17:00', '월': '10:00 ~ 19:30', '화': '10:00 ~ 19:30', '수': '10:00 ~ 19:30', '목': '휴무일', '휴무일': '매주 목요일'}"
대학로 서울정형외과의원,2.9,종로구 창경궁로 264 2층,//img1.kakaocdn.net/cthumb/local/C544x408.q50/?fname=https%3A%2F%2Fpostfiles.pstatic.net%2FMjAyNDAxMTdfMTQz%2FMDAxNzA1NDc4NTQ3Mjgy.07iCtOTZE1tbMfjp-cauh55aN8V8arg7XJllXFIyDD0g.gDUhP14TbuR3Y1qbvO7WePev7aDAVS5KKYs7T4Z0Nhsg.JPEG.osteoplus%2F%25EB%258B%25A4%25EC%259A%25B4%25EB%25A1%259C%25EB%2593%259C%25ED%258C%258C%25EC%259D%25BC_20240117_165539.jpg%3Ftype%3Dw386,"[{'작성자': 'John.P', '별점': '1.0', '날짜': '2025.02.04.', '내용': '진지하게 미친듯 엑스레이 찍고오라해서 대기하는데 한시간넘게 걸리길래 말하니까 그제서야 올림 그래놓고 앞에 먼저온 손님계셔? 어이가없네 내가 먼저왔고 그 뒤에 온사람이 한참전에... 더보기', '좋아요': '1'}, {'작성자': '제니', '별점': '1.0', '날짜': '2022.09.20.', '내용': '인대쪽이 다쳤는데 엑스레이만 찍고 별로 안 부었으니 반깁스는 선택이라는 식으로 말씀하셨습니다 그러더니 일주일 뒤에 사진도 안 찍고 다친 부위 쳐다보지도 만져보지도 않고 심지... 더보기', '좋아요': '2'}, {'작성자': 'marcai', '별점': '1.0', '날짜': '2022.09.05.', '내용': '사진찍고\n골절을 못찾으면 어쩌라는건지ㅜㅜ\n덕분에 제때 치... 더보기', '좋아요': '2'}]","{'금': '09:00 ~ 19:00', '토': '휴무일', '일': '휴무일', '월': '09:00 ~ 19:00', '화': '09:00 ~ 19:00', '수': '09:00 ~ 19:00', '목': '09:00 ~ 19:00', '휴무일': '매주 토요일, 일요일'}"
서울다혜의원,0.0,종로구 종로 253 2층,,"[{'작성자': '', '별점': '', '날짜': '', '내용': ' ', '좋아요': '0'}]","{'금': '09:00 ~ 18:00', '토': '09:00 ~ 13:00', '월': '09:00 ~ 18:00', '화': '09:00 ~ 18:00', '수': '09:00 ~ 18:00', '목': '09:00 ~ 18:00'}"
큰나무정형외과의원,2.4,종로구 자하문로2길 4 경복빌딩 3층,,"[{'작성자': '박지영예찬승찬맘', '별점': '1.0', '날짜': '2025.03.18.', '내용': '별이 없는 것도  있다면  체크하고  싶을 정도..\n환자말은 듣지않고 자기 말만~~불친절  그이상', '좋아요': '0'}, {'작성자': '안세진 Phillip Ahn', '별점': '5.0', '날짜': '2024.10.02.', '내용': '친절한데 평점이 왜이리 낮죠? 엄청 자세히 설명해주시고 과잉진료도 안하시네요 저는 너무 만족스럽습니다^^', '좋아요': '0'}, {'작성자': '잠 안 오면 후기쓰는 사람', '별점': '5.0', '날짜': '2024.09.30.', '내용': '큰사고는 아니었지만 살면서 이렇게 피가 많이 난 적이 없어서 경황이 없었는데요. 제가 떨고 있으니 담요 덮어주신 간호사 선생님, 처치하는 동안 계속 괜찮다고 진정시켜주신 의사선생님 덕분에 정... 더보기', '좋아요': '0'}]","{'금': '09:00 ~ 18:30', '토': '09:00 ~ 13:00', '일': '휴무일', '월': '09:00 ~ 18:30', '화': '09:00 ~ 18:30', '수': '09:00 ~ 18:30', '목': '09:00 ~ 18:30', '휴무일': '공휴일'}"
센트럴이비인후과의원,3.8,중구 퇴계로 123,//img1.kakaocdn.net/cthumb/local/C544x408.q50/?fname=https%3A%2F%2Fpostfiles.pstatic.net%2FMjAyNDExMzBfMTk1%2FMDAxNzMyOTM0NzczMDEy.1V73aa5mgu9pe9Zeba3jmKe9NpQaGwhTvKMdLbAnMKgg.4QmbEyETw7cKT78H0MZ6BZT_OFhTtkj-6fhuTyLtK-sg.JPEG%2F900%25EF%25BC%25BF20241130%25EF%25BC%25BF110950.jpg%3Ftype%3Dw386,"[{'작성자': 'ENOCH', '별점': '1.0', '날짜': '2024.12.09.', '내용': '정말 불친절함.\n나와서는 처방지 그냥 버렸습니다.', '좋아요': '0'}, {'작성자': '푸바오', '별점': '5.0', '날짜': '2024.11.18.', '내용': '의사선생님 처음오시면 배꼽인사 해주십니다..\n이런곳은 처음이고 또 다시는 없으실 분 같네요\n일단 너무 친절하셔서 기분좋고 진료보기 넘 좋아요..!', '좋아요': '0'}, {'작성자': '❣️', '별점': '5.0', '날짜': '2024.10.31.', '내용': '기침이 자주나와서 갔는데 의사선생님도 친절하시고 많이 좋아졌습니다', '좋아요': '1'}]","{'금': '09:30 ~ 18:00', '토': '09:30 ~ 14:00', '월': '09:30 ~ 18:00', '화': '09:30 ~ 18:00', '수': '09:30 ~ 18:00', '목': '09:30 ~ 18:00'}"
서울중앙메디컬센터,2.8,중구 소공로 70 포스트타워 지하3층,//img1.kakaocdn.net/cthumb/local/C544x408.q50/?fname=http%3A%2F%2Ft1.kakaocdn.net%2Fmystore%2FB587D1127C8549C59712B532285D7CF0,"[{'작성자': '신혜연', '별점': '5.0', '날짜': '2025.03.27.', '내용': '30넘게 살면서 건강검진 처음해보는데, 후기가 너무 안 좋아서 예약해놓고 걱정을 안고 갔더니 왠걸 너무 친절하신 직원분들..!!!!! 병원 시설도 너무 깨끗하고 그래서 편안한 마음으로 잘 받고 왔습니다~! 평일 ... 더보기', '좋아요': '0'}, {'작성자': '찐이', '별점': '3.0', '날짜': '2025.03.08.', '내용': '여기도 강남역쪽 공장치과스타일\n7시30분 예약인데\n8시인데 아... 더보기', '좋아요': '0'}, {'작성자': '넌 나의 전부', '별점': '5.0', '날짜': '2025.02.28.', '내용': '**서울중앙 메디컬 센터 건강검진 후기**  \n\n건강검진 받을 때마다 어디로 가야 할지 고민이 많았는데, 이번에 서울중앙 메디... 더보기', '좋아요': '1'}]","{'금': '07:30 ~ 16:30', '토': '07:30 ~ 12:00', '일': '휴무일', '월': '07:30 ~ 16:30', '화': '07:30 ~ 16:30', '수': '07:30 ~ 16:30', '목': '07:30 ~ 16:30', '휴무일': '공휴일'}"
제중안과의원,1.9,종로구 자하문로2길 4 302호,,"[{'작성자': '찐', '별점': '5.0', '날짜': '2025.03.28.', '내용': '회사근처여서 가봤는데 전 좋았습니다!!\n의사쌤은 진료 잘봐주시면 그게 최고아닌가 싶은데... 그렇게 후기처럼 불친절하지도 않으셨어... 더보기', '좋아요': '0'}, {'작성자': '훗또막기', '별점': '1.0', '날짜': '2025.02.12.', '내용': '진작에 후기 보고 연락 해볼걸 그랬어요. 불친절하다는 평이 많네요. 7시까지 진료본다기에 6시 조금 넘어 방문하길 원한다고 했더니, 6시 전 방문 안하면 접수 불가하다 딱 잘라 말씀하시는데 너무 사무... 더보기', '좋아요': '0'}, {'작성자': '박정우', '별점': '1.0', '날짜': '2024.08.07.', '내용': '이딴 병원이 왜 있는지 의문입니다. 근처에서 각막이 까져서 급하게 갔는데 제대로 된 진료도 없고 응대도 정말 최악으로 불친절했습니다. 안약 처방이랑 마취만 해주고 끝이길래 이걸로 괜찮은거 맞냐 물었더니... 더보기', '좋아요': '0'}]","{'금': '09:00 ~ 18:30', '월': '09:00 ~ 18:30', '화': '09:00 ~ 18:30', '수': '09:00 ~ 18:30', '목': '09:00 ~ 18:30'}"
김패밀리의원,3.6,종로구 성균관로 49-1 2층,//img1.kakaocdn.net/cthumb/local/C544x408.q50/?fname=http%3A%2F%2Ft1.kakaocdn.net%2Fmystore%2F9FC9FC59DD1B41B19FBD2A9839C04935,"[{'작성자': '니시', '별점': '1.0', '날짜': '2024.08.09.', '내용': '목감기 있다고 했는데 코, 목은 살펴보지도 않고\n대충 냉방병 같은걸로 처방만 띡 내줌\n진료실 들어간지 1분만에 다시 나와서 약 받아왔는데 나아지는게 없음', '좋아요': '0'}, {'작성자': '현석행님', '별점': '5.0', '날짜': '2024.05.22.', '내용': '의사 선생님 친절하게 설명해주심 좋아요', '좋아요': '0'}, {'작성자': '째규', '별점': '1.0', '날짜': '2024.05.11.', '내용': '의사 선생님은 좋으나 간호조무사가 역대급….친절한금자씨에 나오는 배우 닮은 분만 봣는데 더 있는진 모르겠어요 암튼 그저 환자가 들어오는 순간부터 기분이 나쁜신가봄 세상 툴툴되면서 승질... 더보기', '좋아요': '0'}]",{}
바른원한의원,0.0,"종로구 종로39길 2 2, 3층",//img1.kakaocdn.net/cthumb/local/C544x408.q50/?fname=https%3A%2F%2Fpostfiles.pstatic.net%2FMjAyNDEyMzFfMjIz%2FMDAxNzM1NjUwMzM4ODYz.Xtgt_ONsP4eEIEjNNVVo-GZLIDpQLeWKBgGrWkPwcSkg.0sEo-gnBi6MlYY22gpWGYuDonKVFCZutkwK1EI2-Cicg.JPEG%2F%25EC%2588%2598%25EC%25A0%25951061902894%25EB%258B%25A4%25EC%259A%25B4%25EB%25A1%259C%25EB%2593%259C_%25284%2529.jpg%3Ftype%3Dw966,"[{'작성자': '', '별점': '', '날짜': '', '내용': ' ', '좋아요': '0'}]","{'금': '08:00 ~ 19:30', '토': '08:30 ~ 16:30', '일': '08:30 ~ 16:30', '월': '08:00 ~ 19:30', '화': '08:00 ~ 19:30', '수': '08:00 ~ 19:30', '목': '08:00 ~ 19:30'}"
국립중앙의료원,2.4,중구 을지로 245,//img1.kakaocdn.net/cthumb/local/C544x408.q50/?fname=https%3A%2F%2Fpostfiles.pstatic.net%2FMjAyNDEyMTZfODUg%2FMDAxNzM0MzUwODI5MDM0.Pf0Ya3z4AeeZ9fGKjFGrzp6Ju6KyzchZ7M81Mc57LVMg.4TUNdQryRT_8CDvZAz27s9zfHhrVhIVqr6NlSUQrFUMg.JPEG%2F900%25EF%25BC%25BF20241204%25EF%25BC%25BF142151.jpg%3Ftype%3Dw580,"[{'작성자': 'jaja', '별점': '5.0', '날짜': '2025.03.27.', '내용': '2021년에 지인 추천으로 수술 받은 이후 산부인과 방문하고 있습니다. 진료 시 충분한 시간을 들여 자세히 설명하려고 노력하시는 모습에, 국립중앙의료원에 대한 이미지가 항상 더 좋... 더보기', '좋아요': '0'}, {'작성자': 'ㅎ', '별점': '1.0', '날짜': '2025.01.24.', '내용': '1층은 괜찮았는데 2층 수납하시는 분 너무 불친절하고 항상 화나보이시더라고요 딱히 오고 싶지 않습니다.\n카운터에서 자기들끼리 다른 사람 다 들리게 뒷담 까... 더보기', '좋아요': '0'}, {'작성자': '블랙타이거,,,,', '별점': '1.0', '날짜': '2025.01.14.', '내용': '간밤에 집사람이 호흡골란으로 응급실을 방문하여는데 담당간호사가 참~딸아이 보다어린 아가씨가 말투가 거칠군요.40년전에도 코수술하면서 이용하여고 5년전(귀에 수술)에도 현재(손수술)에도 제가 별도로 치료진료을 받... 더보기', '좋아요': '10'}]","{'금': '08:30 ~ 17:30', '토': '08:30 ~ 12:30', '월': '08:30 ~ 17:30', '화': '08:30 ~ 17:30', '수': '08:30 ~ 17:30', '목': '08:30 ~ 17:30'}"
화인마취통증의학과의원 광화문점,,종로구 새문안로 82 에스타워 지하1층,//img1.kakaocdn.net/cthumb/local/C544x408.q50/?fname=https%3A%2F%2Fpostfiles.pstatic.net%2FMjAyNDEyMThfMTAw%2FMDAxNzM0NDkxNzM0NzQy.ZGrvPkxlSCljzP0NcNNN6wp1yW0_sLdxqqGRfyTqavMg.KljqPHeg1CYyLlam7H71i3BlTL-XDme7QhBIiGIcmFgg.JPEG%2F010.jpg%3Ftype%3Dw466,"[{'작성자': '', '별점': '', '날짜': '', '내용': ' ', '좋아요': '0'}]","{'금': '09:30 ~ 19:00', '토': '09:30 ~ 13:00', '월': '09:30 ~ 19:00', '화': '09:30 ~ 20:00', '수': '09:30 ~ 19:00', '목': '09:30 ~ 20:00'}"
이물비치과의원,1.0,종로구 동숭1길 12 2층,//img1.kakaocdn.net/cthumb/local/C544x408.q50/?fname=https%3A%2F%2Fpostfiles.pstatic.net%2FMjAyNTAyMTBfMTgw%2FMDAxNzM5MTY5ODcxNjA3.Y9VV3vteU09kLufcZJoAqjIHHgZUHBvq9CSU6H3j-Qgg.nXwuQCrTly9qWtTtDVBveRSEXFpWAbsEZ-NtyKEXBwEg.JPEG%2Ftyle-izv-01.jpg%3Ftype%3Dw966,"[{'작성자': '배', '별점': '1.0', '날짜': '2021.07.08.', '내용': '왜 치료 후에도 나아지는게 없죠.. ?', '좋아요': '0'}]","{'금': '09:30 ~ 18:30', '토': '09:30 ~ 14:00', '월': '09:30 ~ 18:30', '화': '09:30 ~ 18:30', '수': '09:30 ~ 21:00', '목': '09:30 ~ 18:30'}"
서울이비인후과의원,0.0,중구 퇴계로 213,,"[{'작성자': '', '별점': '', '날짜': '', '내용': ' ', '좋아요': '0'}]",{}
도성 한약방,0.0,종로구 대학로2길 65-4,,"[{'작성자': '', '별점': '', '날짜': '', '내용': ' ', '좋아요': '0'}]",{}
서울S치과의원,4.6,종로구 창경궁로 266,//img1.kakaocdn.net/cthumb/local/C544x408.q50/?fname=http%3A%2F%2Ft1.daumcdn.net%2Fcfile%2F212654355285D4361E,"[{'작성자': '이충근', '별점': '5.0', '날짜': '2025.03.20.', '내용': '카운터 보시는 간호사님 얼굴도 예쁘시고\n친절 하시고 말씀도 예쁘게 하십니다\n선생님도 환자의 편에서 진... 더보기', '좋아요': '0'}, {'작성자': '맛집', '별점': '5.0', '날짜': '2024.11.09.', '내용': '스케일링 받고 왔는데 엄청 친절하시고 꼼꼼하게 해주셔서 좋았어요\n재방문 의사 있음\n내년에도 받으러 갈 예정ㅎ', '좋아요': '0'}, {'작성자': '김현정', '별점': '5.0', '날짜': '2024.07.25.', '내용': '친절하고 사랑니를 정말 잘뽑아요', '좋아요': '0'}]","{'금': '10:00 ~ 19:00', '토': '09:00 ~ 14:00', '월': '10:00 ~ 19:00', '화': '10:00 ~ 19:00', '수': '10:00 ~ 19:00', '목': '10:00 ~ 21:00'}"
